Target distribution: [0.095315024232633286, 0.0, 0.0, 0.0, 0.0016155088852988692, 0.061389337641357025, 0.024232633279483037, 0.0, 0.0, 0.0, 0.0, 0.019386106623586429, 0.0, 0.0, 0.0, 0.0096930533117932146, 0.027463651050080775, 0.048465266558966075, 0.014539579967689823, 0.0, 0.0, 0.093699515347334408, 0.077544426494345717, 0.12277867528271405, 0.18416801292407109, 0.006462035541195477, 0.0, 0.037156704361873988, 0.0, 0.0210016155088853, 0.019386106623586429, 0.0, 0.04361873990306947, 0.0016155088852988692, 0.0, 0.0, 0.0, 0.0032310177705977385, 0.012924071082390954, 0.0096930533117932146, 0.029079159935379646, 0.0080775444264943458, 0.0, 0.024232633279483037, 0.0, 0.0, 0.0, 0.0016155088852988692, 0.0016155088852988692, 0.0]
General distribution: [0.050822437789962038, 0.0, 0.0, 0.0, 0.0079080556727119354, 0.065056938000843528, 0.010544074230282582, 0.0, 0.0065373260227752005, 0.0, 0.0, 0.015710670603121046, 0.0, 0.0, 0.0, 0.0090679038380430191, 0.013180092787853226, 0.024040489245044285, 0.0099114297764656255, 0.0, 0.0, 0.11081822016026993, 0.10733867566427667, 0.1290594685786588, 0.20518768452129904, 0.010754955714888232, 0.016659637283846479, 0.022353437368199072, 0.0, 0.010754955714888232, 0.043547026571067057, 0.0, 0.037431463517503163, 0.0029523407844791226, 0.0, 0.0, 0.0, 0.0016870518768452129, 0.024567692956558414, 0.012020244622522143, 0.021193589202867989, 0.0057992408266554192, 0.0012652889076339097, 0.01233656684943062, 0.0, 0.0, 0.0, 0.0081189371573175875, 0.0033741037536904259, 0.0]
Epsilon: 1e-05
Ensemble size: 1000
Delta scale: 100.0

array([[ 0.09285317,  0.        ,  0.        ,  0.        ,  0.00223766,  0.06241161,  0.02256873,  0.        ,  0.0006458 ,  0.        ,  0.        ,  0.01843322,  0.        ,  0.        ,  0.        ,  0.0090679 ,  0.02591128,  0.05087769,  0.0138873 ,  0.        ,  0.        ,  0.09632514,  0.07752052,  0.12392577,  0.18275999,  0.00727814,  0.00044787,  0.03742012,  0.        ,  0.01970911,  0.02072066,  0.        ,  0.04258322,  0.00228894,  0.        ,  0.        ,  0.        ,  0.00255877,  0.01396281,  0.01044132,  0.02752625,  0.00737219,  0.0006239 ,  0.02306293,  0.        ,  0.        ,  0.        ,  0.0023363 ,  0.00224167,  0.        ],
       [ 0.09256527,  0.        ,  0.        ,  0.        ,  0.00272564,  0.06208802,  0.02237635,  0.        ,  0.00085245,  0.        ,  0.        ,  0.01849541,  0.        ,  0.        ,  0.        ,  0.0090679 ,  0.02655493,  0.04492847,  0.01368775,  0.        ,  0.        ,  0.09410864,  0.08053842,  0.12334513,  0.18543706,  0.00730092,  0.00121045,  0.03523967,  0.        ,  0.01940712,  0.02288681,  0.        ,  0.04315125,  0.00222675,  0.        ,  0.        ,  0.        ,  0.00262745,  0.01489648,  0.01047989,  0.02776951,  0.0073584 ,  0.00068114,  0.0228143 ,  0.        ,  0.        ,  0.        ,  0.00285338,  0.00232503,  0.        ],
       [ 0.08978324,  0.        ,  0.        ,  0.        ,  0.00268787,  0.0622787 ,  0.02223119,  0.        ,  0.00100677,  0.        ,  0.        ,  0.01853719,  0.        ,  0.        ,  0.        ,  0.0090679 ,  0.02544159,  0.04515957,  0.01332232,  0.        ,  0.        ,  0.09457541,  0.08328422,  0.1236202 ,  0.18756602,  0.00741976,  0.0015326 ,  0.03503537,  0.        ,  0.01937955,  0.0222891 ,  0.        ,  0.04300563,  0.00232981,  0.        ,  0.        ,  0.        ,  0.00261281,  0.01469615,  0.01041452,  0.02704074,  0.00728315,  0.00068197,  0.02255033,  0.        ,  0.        ,  0.        ,  0.00288009,  0.0022862 ,  0.        ],
       [ 0.09014681,  0.        ,  0.        ,  0.        ,  0.00281253,  0.06215863,  0.02274   ,  0.        ,  0.0009894 ,  0.        ,  0.        ,  0.01860614,  0.        ,  0.        ,  0.        ,  0.0090679 ,  0.02485896,  0.04340646,  0.01344056,  0.        ,  0.        ,  0.0961246 ,  0.08056986,  0.12407813,  0.1883713 ,  0.00742431,  0.00141189,  0.03572005,  0.        ,  0.01920799,  0.02363925,  0.        ,  0.04252698,  0.00229156,  0.        ,  0.        ,  0.        ,  0.00254305,  0.01489235,  0.01038157,  0.02751022,  0.00723139,  0.00068987,  0.02199296,  0.        ,  0.        ,  0.        ,  0.00281103,  0.00235423,  0.        ],
       [ 0.08861901,  0.        ,  0.        ,  0.        ,  0.00293229,  0.06237102,  0.02216681,  0.        ,  0.00094623,  0.        ,  0.        ,  0.01873985,  0.        ,  0.        ,  0.        ,  0.0090679 ,  0.02597765,  0.04480148,  0.01351014,  0.        ,  0.        ,  0.09631053,  0.08182738,  0.12265207,  0.19021007,  0.00759073,  0.00119695,  0.03504917,  0.        ,  0.01949183,  0.02220375,  0.        ,  0.04188481,  0.00225855,  0.        ,  0.        ,  0.        ,  0.00254611,  0.01454535,  0.01049945,  0.02737826,  0.00730973,  0.00065974,  0.02222591,  0.        ,  0.        ,  0.        ,  0.00268111,  0.00234608,  0.        ],
       [ 0.09338907,  0.        ,  0.        ,  0.        ,  0.00237404,  0.0619504 ,  0.02410458,  0.        ,  0.00074701,  0.        ,  0.        ,  0.01846096,  0.        ,  0.        ,  0.        ,  0.0090679 ,  0.02642046,  0.04785953,  0.01361932,  0.        ,  0.        ,  0.09390505,  0.07981534,  0.12313903,  0.18373384,  0.00740528,  0.00065927,  0.03720375,  0.        ,  0.02064817,  0.02033187,  0.        ,  0.04297396,  0.00224173,  0.        ,  0.        ,  0.        ,  0.00253013,  0.01376135,  0.01033281,  0.02742218,  0.0073208 ,  0.00063445,  0.02318375,  0.        ,  0.        ,  0.        ,  0.00246001,  0.00230395,  0.        ],
       [ 0.09185249,  0.        ,  0.        ,  0.        ,  0.00264118,  0.06237428,  0.02263804,  0.        ,  0.00093711,  0.        ,  0.        ,  0.01860036,  0.        ,  0.        ,  0.        ,  0.0090679 ,  0.02518234,  0.04523213,  0.0136649 ,  0.        ,  0.        ,  0.09573779,  0.08059081,  0.12350673,  0.1874277 ,  0.0071734 ,  0.00092945,  0.03528328,  0.        ,  0.01895627,  0.02164833,  0.        ,  0.04228783,  0.00229518,  0.        ,  0.        ,  0.        ,  0.00253618,  0.01444508,  0.0104295 ,  0.02817562,  0.00738555,  0.0006472 ,  0.02338059,  0.        ,  0.        ,  0.        ,  0.00262404,  0.00234872,  0.        ],
       [ 0.08999579,  0.        ,  0.        ,  0.        ,  0.00258023,  0.06225975,  0.02251486,  0.        ,  0.00101643,  0.        ,  0.        ,  0.01828871,  0.        ,  0.        ,  0.        ,  0.0090679 ,  0.02551292,  0.0478223 ,  0.01380444,  0.        ,  0.        ,  0.09568743,  0.08266412,  0.12397984,  0.18467699,  0.00734595,  0.00149167,  0.03407637,  0.        ,  0.01926279,  0.02280291,  0.        ,  0.04252309,  0.00228565,  0.        ,  0.        ,  0.        ,  0.00260904,  0.01422283,  0.01041929,  0.02764148,  0.00751984,  0.00067228,  0.02197337,  0.        ,  0.        ,  0.        ,  0.00293175,  0.00234998,  0.        ],
       [ 0.09007078,  0.        ,  0.        ,  0.        ,  0.00274115,  0.062262  ,  0.02237839,  0.        ,  0.00085938,  0.        ,  0.        ,  0.01851682,  0.        ,  0.        ,  0.        ,  0.0090679 ,  0.02375223,  0.04536858,  0.01365692,  0.        ,  0.        ,  0.09589107,  0.08057707,  0.12357215,  0.18862656,  0.00743059,  0.00120379,  0.03488976,  0.        ,  0.01962649,  0.02204891,  0.        ,  0.04286953,  0.00231556,  0.        ,  0.        ,  0.        ,  0.00261168,  0.01485877,  0.01054237,  0.02769889,  0.00726231,  0.00067519,  0.02353274,  0.        ,  0.        ,  0.        ,  0.0026877 ,  0.00240472,  0.        ],
       [ 0.09150452,  0.        ,  0.        ,  0.        ,  0.00243307,  0.0617383 ,  0.02150146,  0.        ,  0.00084463,  0.        ,  0.        ,  0.0183756 ,  0.        ,  0.        ,  0.        ,  0.0090679 ,  0.02624648,  0.04461662,  0.01343572,  0.        ,  0.        ,  0.09488232,  0.0811323 ,  0.12291684,  0.18682229,  0.00724207,  0.00160069,  0.03557258,  0.        ,  0.02026392,  0.02245791,  0.        ,  0.04304004,  0.00228268,  0.        ,  0.        ,  0.        ,  0.00264107,  0.014853  ,  0.01063232,  0.02791644,  0.00725485,  0.00068248,  0.02303894,  0.        ,  0.        ,  0.        ,  0.00265896,  0.00234398,  0.        ],
       [ 0.08588939,  0.        ,  0.        ,  0.        ,  0.00272363,  0.06259968,  0.02176752,  0.        ,  0.0009272 ,  0.        ,  0.        ,  0.01868058,  0.        ,  0.        ,  0.        ,  0.0090679 ,  0.02690276,  0.0442606 ,  0.01329025,  0.        ,  0.        ,  0.09681005,  0.08163669,  0.12407104,  0.18886955,  0.00745118,  0.00151178,  0.03533028,  0.        ,  0.01913648,  0.02241407,  0.        ,  0.0423728 ,  0.00235768,  0.        ,  0.        ,  0.        ,  0.00253247,  0.01481866,  0.01048355,  0.0273179 ,  0.00741087,  0.00067696,  0.02358763,  0.        ,  0.        ,  0.        ,  0.00271661,  0.00238426,  0.        ],
       [ 0.09407328,  0.        ,  0.        ,  0.        ,  0.00252314,  0.06187271,  0.02186972,  0.        ,  0.00083714,  0.        ,  0.        ,  0.01886191,  0.        ,  0.        ,  0.        ,  0.0090679 ,  0.02749525,  0.044325  ,  0.0137055 ,  0.        ,  0.        ,  0.09544024,  0.07999366,  0.12311753,  0.18616643,  0.00731062,  0.00126533,  0.03442526,  0.        ,  0.01897227,  0.02164971,  0.        ,  0.04283029,  0.00229068,  0.        ,  0.        ,  0.        ,  0.00253501,  0.01468497,  0.01044856,  0.02854393,  0.00727429,  0.0006414 ,  0.02269518,  0.        ,  0.        ,  0.        ,  0.00270033,  0.00238278,  0.        ],
       [ 0.08948799,  0.        ,  0.        ,  0.        ,  0.0027616 ,  0.06213168,  0.02336361,  0.        ,  0.00101034,  0.        ,  0.        ,  0.01838145,  0.        ,  0.        ,  0.        ,  0.0090679 ,  0.02548978,  0.0461913 ,  0.01383437,  0.        ,  0.        ,  0.09596674,  0.08115778,  0.12466082,  0.18546503,  0.00739585,  0.00123331,  0.03583225,  0.        ,  0.01904406,  0.02232091,  0.        ,  0.04306974,  0.00233597,  0.        ,  0.        ,  0.        ,  0.00256428,  0.0142991 ,  0.01054307,  0.02731659,  0.00731766,  0.00068494,  0.02211113,  0.        ,  0.        ,  0.        ,  0.00267102,  0.00228971,  0.        ],
       [ 0.08707868,  0.        ,  0.        ,  0.        ,  0.00302113,  0.06186931,  0.02215908,  0.        ,  0.00096539,  0.        ,  0.        ,  0.01847331,  0.        ,  0.        ,  0.        ,  0.0090679 ,  0.02616002,  0.04419274,  0.01363514,  0.        ,  0.        ,  0.09660176,  0.08280272,  0.12471984,  0.18855093,  0.00760435,  0.00150662,  0.03585374,  0.        ,  0.01834805,  0.0233498 ,  0.        ,  0.04238611,  0.0023088 ,  0.        ,  0.        ,  0.        ,  0.00264572,  0.01478098,  0.01057731,  0.02662943,  0.00717568,  0.00070169,  0.02196903,  0.        ,  0.        ,  0.        ,  0.00255165,  0.00231306,  0.        ],
       [ 0.09421143,  0.        ,  0.        ,  0.        ,  0.0025512 ,  0.06209597,  0.02238345,  0.        ,  0.00093378,  0.        ,  0.        ,  0.0185694 ,  0.        ,  0.        ,  0.        ,  0.0090679 ,  0.02457792,  0.04339448,  0.01367397,  0.        ,  0.        ,  0.09633872,  0.07932149,  0.1224599 ,  0.19011222,  0.00729642,  0.00139623,  0.03464364,  0.        ,  0.01911093,  0.02240111,  0.        ,  0.0427514 ,  0.00227592,  0.        ,  0.        ,  0.        ,  0.00253169,  0.01480245,  0.01038401,  0.02791714,  0.00739008,  0.0006686 ,  0.02165289,  0.        ,  0.        ,  0.        ,  0.00273864,  0.00234699,  0.        ],
       [ 0.0913753 ,  0.        ,  0.        ,  0.        ,  0.0027881 ,  0.06216451,  0.02140157,  0.        ,  0.00097423,  0.        ,  0.        ,  0.01851888,  0.        ,  0.        ,  0.        ,  0.0090679 ,  0.02552787,  0.04558543,  0.01329335,  0.        ,  0.        ,  0.09659079,  0.08165601,  0.12386901,  0.18617924,  0.00728697,  0.00107523,  0.03495913,  0.        ,  0.01872271,  0.02251752,  0.        ,  0.04276321,  0.00230847,  0.        ,  0.        ,  0.        ,  0.00250869,  0.01483725,  0.01036017,  0.02779868,  0.00742925,  0.00067636,  0.02290106,  0.        ,  0.        ,  0.        ,  0.00254294,  0.00232015,  0.        ],
       [ 0.08977617,  0.        ,  0.        ,  0.        ,  0.0026824 ,  0.06216439,  0.02548206,  0.        ,  0.00075624,  0.        ,  0.        ,  0.01891177,  0.        ,  0.        ,  0.        ,  0.0090679 ,  0.02660932,  0.04436229,  0.0133805 ,  0.        ,  0.        ,  0.09729091,  0.0786756 ,  0.12283092,  0.18649701,  0.00743091,  0.00094918,  0.03511857,  0.        ,  0.01931154,  0.02256922,  0.        ,  0.04284651,  0.00230568,  0.        ,  0.        ,  0.        ,  0.00254349,  0.01481973,  0.01024517,  0.02749732,  0.00747902,  0.00067851,  0.02285373,  0.        ,  0.        ,  0.        ,  0.00253687,  0.00232706,  0.        ],
       [ 0.09624901,  0.        ,  0.        ,  0.        ,  0.00254138,  0.06207019,  0.02193481,  0.        ,  0.00071568,  0.        ,  0.        ,  0.01843177,  0.        ,  0.        ,  0.        ,  0.0090679 ,  0.0249899 ,  0.04619224,  0.01398545,  0.        ,  0.        ,  0.09628258,  0.07928424,  0.12333489,  0.1846409 ,  0.00717738,  0.00094537,  0.03655297,  0.        ,  0.01898214,  0.0214979 ,  0.        ,  0.0424633 ,  0.00226127,  0.        ,  0.        ,  0.        ,  0.00251086,  0.01466096,  0.0104105 ,  0.02771139,  0.0073213 ,  0.00067111,  0.02226243,  0.        ,  0.        ,  0.        ,  0.00251468,  0.00233549,  0.        ],
       [ 0.09171965,  0.        ,  0.        ,  0.        ,  0.00269725,  0.06208108,  0.02246003,  0.        ,  0.00089931,  0.        ,  0.        ,  0.01861508,  0.        ,  0.        ,  0.        ,  0.0090679 ,  0.02527737,  0.04489643,  0.01363175,  0.        ,  0.        ,  0.09590663,  0.08055573,  0.12374844,  0.18726771,  0.00732911,  0.00132764,  0.03465975,  0.        ,  0.01913594,  0.02223076,  0.        ,  0.0427405 ,  0.00225977,  0.        ,  0.        ,  0.        ,  0.00253625,  0.01535768,  0.01059707,  0.0275393 ,  0.00736334,  0.00064787,  0.02240717,  0.        ,  0.        ,  0.        ,  0.00273022,  0.00231324,  0.        ],
       [ 0.09471211,  0.        ,  0.        ,  0.        ,  0.00278422,  0.06193805,  0.02183301,  0.        ,  0.00094601,  0.        ,  0.        ,  0.01865762,  0.        ,  0.        ,  0.        ,  0.0090679 ,  0.02588188,  0.0444236 ,  0.01366414,  0.        ,  0.        ,  0.09443073,  0.0791888 ,  0.12387367,  0.18562436,  0.00734682,  0.00134955,  0.03665037,  0.        ,  0.01941878,  0.0220612 ,  0.        ,  0.04263279,  0.00234878,  0.        ,  0.        ,  0.        ,  0.0024976 ,  0.01510414,  0.01056269,  0.02779574,  0.00730897,  0.00068496,  0.02225806,  0.        ,  0.        ,  0.        ,  0.00255849,  0.00239497,  0.        ],
       [ 0.09340942,  0.        ,  0.        ,  0.        ,  0.00269279,  0.06205605,  0.02237997,  0.        ,  0.00094636,  0.        ,  0.        ,  0.01846518,  0.        ,  0.        ,  0.        ,  0.0090679 ,  0.0264105 ,  0.04570104,  0.01335407,  0.        ,  0.        ,  0.09599533,  0.07743134,  0.12465738,  0.18843767,  0.00733265,  0.00132597,  0.03456547,  0.        ,  0.01888404,  0.02160358,  0.        ,  0.04263463,  0.00231895,  0.        ,  0.        ,  0.        ,  0.00254779,  0.01457056,  0.01051637,  0.02778405,  0.00733518,  0.00065888,  0.02192671,  0.        ,  0.        ,  0.        ,  0.00274014,  0.00225004,  0.        ],
       [ 0.09264199,  0.        ,  0.        ,  0.        ,  0.00251755,  0.06216917,  0.02410274,  0.        ,  0.00061832,  0.        ,  0.        ,  0.01850569,  0.        ,  0.        ,  0.        ,  0.0090679 ,  0.02674545,  0.04757491,  0.01342211,  0.        ,  0.        ,  0.09454803,  0.07826803,  0.12360648,  0.1852859 ,  0.00738884,  0.00047012,  0.03661898,  0.        ,  0.0206132 ,  0.02043267,  0.        ,  0.04293598,  0.00231216,  0.        ,  0.        ,  0.        ,  0.00250845,  0.01359266,  0.01046895,  0.027897  ,  0.00738338,  0.00058638,  0.02299963,  0.        ,  0.        ,  0.        ,  0.00234087,  0.00237647,  0.        ],
       [ 0.12202604,  0.        ,  0.        ,  0.        ,  0.00036845,  0.0585566 ,  0.03090111,  0.        ,  0.        ,  0.        ,  0.        ,  0.02099084,  0.        ,  0.        ,  0.        ,  0.00969305,  0.035444  ,  0.06162386,  0.0164624 ,  0.        ,  0.        ,  0.0801562 ,  0.0560992 ,  0.11842066,  0.16589068,  0.00404475,  0.        ,  0.04484186,  0.        ,  0.02617838,  0.00896799,  0.        ,  0.04677374,  0.00117687,  0.        ,  0.        ,  0.        ,  0.0037917 ,  0.00674829,  0.00818727,  0.032534  ,  0.00898763,  0.        ,  0.02979284,  0.        ,  0.        ,  0.        ,  0.0003703 ,  0.00097132,  0.        ],
       [ 0.09324785,  0.        ,  0.        ,  0.        ,  0.00226543,  0.06214682,  0.02240643,  0.        ,  0.00044212,  0.        ,  0.        ,  0.018456  ,  0.        ,  0.        ,  0.        ,  0.0090679 ,  0.02647061,  0.04664737,  0.01386319,  0.        ,  0.        ,  0.09591179,  0.0817095 ,  0.12382913,  0.18360067,  0.00718792,  0.00033614,  0.03475058,  0.        ,  0.02039965,  0.02008643,  0.        ,  0.04254739,  0.00224285,  0.        ,  0.        ,  0.        ,  0.00256583,  0.01435681,  0.01058704,  0.02917994,  0.00726878,  0.0005875 ,  0.02351736,  0.        ,  0.        ,  0.        ,  0.00205501,  0.00226595,  0.        ],
       [ 0.09382602,  0.        ,  0.        ,  0.        ,  0.00172448,  0.06225647,  0.02451012,  0.        ,  0.00027328,  0.        ,  0.        ,  0.01878906,  0.        ,  0.        ,  0.        ,  0.0090679 ,  0.0271938 ,  0.04756822,  0.01396094,  0.        ,  0.        ,  0.09185504,  0.07722021,  0.12335757,  0.18882084,  0.00710338,  0.00002667,  0.03678655,  0.        ,  0.02130457,  0.0180225 ,  0.        ,  0.04329245,  0.00217755,  0.        ,  0.        ,  0.        ,  0.00240166,  0.0126072 ,  0.01031578,  0.02945673,  0.00732203,  0.00053415,  0.02404676,  0.        ,  0.        ,  0.        ,  0.00196904,  0.00220904,  0.        ],
       [ 0.08732455,  0.        ,  0.        ,  0.        ,  0.00282201,  0.06185917,  0.02275521,  0.        ,  0.00102026,  0.        ,  0.        ,  0.01872319,  0.        ,  0.        ,  0.        ,  0.0090679 ,  0.02578083,  0.04573099,  0.01367218,  0.        ,  0.        ,  0.09783896,  0.08250476,  0.12331494,  0.18591082,  0.00767206,  0.00109938,  0.03513663,  0.        ,  0.01912476,  0.02233775,  0.        ,  0.04200301,  0.00230229,  0.        ,  0.        ,  0.        ,  0.00262574,  0.01415441,  0.01037127,  0.0282956 ,  0.00738203,  0.00064483,  0.02361585,  0.        ,  0.        ,  0.        ,  0.00262794,  0.00228069,  0.        ],
       [ 0.08830023,  0.        ,  0.        ,  0.        ,  0.00274117,  0.06203244,  0.02175028,  0.        ,  0.00088772,  0.        ,  0.        ,  0.01844149,  0.        ,  0.        ,  0.        ,  0.0090679 ,  0.02484741,  0.04441615,  0.01366516,  0.        ,  0.        ,  0.09509586,  0.08388089,  0.12344291,  0.1877422 ,  0.00764006,  0.00160988,  0.03570184,  0.        ,  0.01968244,  0.02281553,  0.        ,  0.04235688,  0.00232851,  0.        ,  0.        ,  0.        ,  0.0024947 ,  0.0148043 ,  0.0105314 ,  0.02739511,  0.00721107,  0.00067298,  0.02333887,  0.        ,  0.        ,  0.        ,  0.00278495,  0.00231967,  0.        ],
       [ 0.09166121,  0.        ,  0.        ,  0.        ,  0.00271643,  0.0617476 ,  0.02281615,  0.        ,  0.00086299,  0.        ,  0.        ,  0.01885232,  0.        ,  0.        ,  0.        ,  0.0090679 ,  0.02536715,  0.04781916,  0.01359708,  0.        ,  0.        ,  0.09545621,  0.08177891,  0.12365185,  0.18378782,  0.00709599,  0.0010056 ,  0.03437899,  0.        ,  0.01858127,  0.02260744,  0.        ,  0.04244274,  0.00229771,  0.        ,  0.        ,  0.        ,  0.0025531 ,  0.01489245,  0.01046908,  0.02757243,  0.00732655,  0.00065426,  0.02412974,  0.        ,  0.        ,  0.        ,  0.00257179,  0.00223807,  0.        ],
       [ 0.08737728,  0.        ,  0.        ,  0.        ,  0.00287191,  0.0620612 ,  0.02277187,  0.        ,  0.00090967,  0.        ,  0.        ,  0.0185156 ,  0.        ,  0.        ,  0.        ,  0.0090679 ,  0.02592466,  0.04208128,  0.0141452 ,  0.        ,  0.        ,  0.09749171,  0.08234203,  0.12318828,  0.18985578,  0.0074462 ,  0.00136539,  0.03517801,  0.        ,  0.02063304,  0.02182285,  0.        ,  0.04255089,  0.00233281,  0.        ,  0.        ,  0.        ,  0.00253086,  0.01479929,  0.01062702,  0.02747188,  0.00733175,  0.00066822,  0.02144769,  0.        ,  0.        ,  0.        ,  0.00292421,  0.00226553,  0.        ],
       [ 0.0924805 ,  0.        ,  0.        ,  0.        ,  0.0027403 ,  0.06216503,  0.02192656,  0.        ,  0.00084175,  0.        ,  0.        ,  0.01840325,  0.        ,  0.        ,  0.        ,  0.0090679 ,  0.02629784,  0.04518925,  0.01379864,  0.        ,  0.        ,  0.09542026,  0.08106194,  0.12394086,  0.18699197,  0.00774729,  0.00134999,  0.03278725,  0.        ,  0.01886988,  0.02248048,  0.        ,  0.04260678,  0.00232312,  0.        ,  0.        ,  0.        ,  0.00264785,  0.01496563,  0.01048684,  0.02681028,  0.00731037,  0.00066188,  0.02360581,  0.        ,  0.        ,  0.        ,  0.00272346,  0.00229701,  0.        ],
       [ 0.09077955,  0.        ,  0.        ,  0.        ,  0.00257482,  0.06203224,  0.02207334,  0.        ,  0.00093844,  0.        ,  0.        ,  0.0185044 ,  0.        ,  0.        ,  0.        ,  0.0090679 ,  0.02636786,  0.0470137 ,  0.01362856,  0.        ,  0.        ,  0.09557463,  0.08230301,  0.12325734,  0.18320805,  0.00731111,  0.00123322,  0.0366022 ,  0.        ,  0.01942819,  0.02276819,  0.        ,  0.04281577,  0.00229891,  0.        ,  0.        ,  0.        ,  0.00259363,  0.0147708 ,  0.01050825,  0.0271113 ,  0.0074037 ,  0.00066641,  0.0223832 ,  0.        ,  0.        ,  0.        ,  0.00260812,  0.00217318,  0.        ],
       [ 0.09250861,  0.        ,  0.        ,  0.        ,  0.00282149,  0.06208929,  0.02199945,  0.        ,  0.00091883,  0.        ,  0.        ,  0.01858134,  0.        ,  0.        ,  0.        ,  0.0090679 ,  0.02725277,  0.04708781,  0.01379882,  0.        ,  0.        ,  0.09407589,  0.08157382,  0.12413709,  0.18219821,  0.00762191,  0.00129606,  0.03541084,  0.        ,  0.01892586,  0.02175786,  0.        ,  0.04244065,  0.00225437,  0.        ,  0.        ,  0.        ,  0.00258944,  0.01496101,  0.01053057,  0.02741754,  0.0072946 ,  0.00066287,  0.02375315,  0.        ,  0.        ,  0.        ,  0.00263124,  0.00234069,  0.        ],
       [ 0.08818208,  0.        ,  0.        ,  0.        ,  0.00252547,  0.06216641,  0.0218309 ,  0.        ,  0.00077606,  0.        ,  0.        ,  0.0187262 ,  0.        ,  0.        ,  0.        ,  0.0090679 ,  0.02701812,  0.0431736 ,  0.01341656,  0.        ,  0.        ,  0.09801607,  0.08315526,  0.12339248,  0.1887604 ,  0.0073875 ,  0.0008197 ,  0.03594903,  0.        ,  0.01931809,  0.02145353,  0.        ,  0.04232872,  0.00232655,  0.        ,  0.        ,  0.        ,  0.00259332,  0.01399838,  0.0102978 ,  0.02788968,  0.00738055,  0.00066479,  0.0225794 ,  0.        ,  0.        ,  0.        ,  0.00256137,  0.00224409,  0.        ],
       [ 0.08956867,  0.        ,  0.        ,  0.        ,  0.00256433,  0.06197572,  0.02226618,  0.        ,  0.0009576 ,  0.        ,  0.        ,  0.01874285,  0.        ,  0.        ,  0.        ,  0.0090679 ,  0.02562295,  0.04383928,  0.0137876 ,  0.        ,  0.        ,  0.09565533,  0.07926315,  0.12378479,  0.19023587,  0.00750308,  0.00139078,  0.03485272,  0.        ,  0.01931067,  0.02281811,  0.        ,  0.04268318,  0.00229828,  0.        ,  0.        ,  0.        ,  0.00255915,  0.01441774,  0.01046551,  0.02787124,  0.00738531,  0.00066907,  0.02364569,  0.        ,  0.        ,  0.        ,  0.00250356,  0.00229367,  0.        ],
       [ 0.0882705 ,  0.        ,  0.        ,  0.        ,  0.00263843,  0.06232932,  0.02248432,  0.        ,  0.00100644,  0.        ,  0.        ,  0.01856938,  0.        ,  0.        ,  0.        ,  0.0090679 ,  0.02610137,  0.04427385,  0.01362968,  0.        ,  0.        ,  0.09593378,  0.08159175,  0.12433556,  0.18903801,  0.00735178,  0.00145961,  0.03492646,  0.        ,  0.01893638,  0.0222147 ,  0.        ,  0.04258619,  0.00238572,  0.        ,  0.        ,  0.        ,  0.00251972,  0.01412146,  0.01044584,  0.02766321,  0.00746267,  0.00066885,  0.02296835,  0.        ,  0.        ,  0.        ,  0.00280344,  0.00221532,  0.        ],
       [ 0.09180946,  0.        ,  0.        ,  0.        ,  0.00287155,  0.06171692,  0.0227309 ,  0.        ,  0.00100585,  0.        ,  0.        ,  0.01835474,  0.        ,  0.        ,  0.        ,  0.0090679 ,  0.02455742,  0.04284615,  0.01397409,  0.        ,  0.        ,  0.09651569,  0.08521679,  0.12387159,  0.18388249,  0.00753192,  0.00146509,  0.03465585,  0.        ,  0.01854086,  0.02281073,  0.        ,  0.04287163,  0.00227349,  0.        ,  0.        ,  0.        ,  0.00256687,  0.01509702,  0.0106701 ,  0.02752487,  0.0074778 ,  0.00068222,  0.02241156,  0.        ,  0.        ,  0.        ,  0.00268756,  0.00231088,  0.        ],
       [ 0.08940174,  0.        ,  0.        ,  0.        ,  0.0025824 ,  0.062109  ,  0.02409629,  0.        ,  0.00097133,  0.        ,  0.        ,  0.01860241,  0.        ,  0.        ,  0.        ,  0.0090679 ,  0.02518859,  0.04582918,  0.01363628,  0.        ,  0.        ,  0.09698343,  0.08005292,  0.12286591,  0.18684361,  0.00750181,  0.00133005,  0.03621314,  0.        ,  0.01880375,  0.02300785,  0.        ,  0.04219427,  0.00232778,  0.        ,  0.        ,  0.        ,  0.00253515,  0.01457629,  0.0104518 ,  0.02765543,  0.00745913,  0.00066301,  0.02187335,  0.        ,  0.        ,  0.        ,  0.00291411,  0.0022621 ,  0.        ],
       [ 0.09170159,  0.        ,  0.        ,  0.        ,  0.00286943,  0.06242348,  0.02186803,  0.        ,  0.00086361,  0.        ,  0.        ,  0.01862247,  0.        ,  0.        ,  0.        ,  0.0090679 ,  0.02572762,  0.04647678,  0.01355894,  0.        ,  0.        ,  0.09646782,  0.07921483,  0.12290006,  0.18604198,  0.00729329,  0.00115614,  0.03658668,  0.        ,  0.01890703,  0.02295463,  0.        ,  0.04321221,  0.00230384,  0.        ,  0.        ,  0.        ,  0.00255475,  0.01463856,  0.01043509,  0.026839  ,  0.00737818,  0.00070707,  0.02245435,  0.        ,  0.        ,  0.        ,  0.00250719,  0.00226745,  0.        ],
       [ 0.08990879,  0.        ,  0.        ,  0.        ,  0.00262185,  0.06206472,  0.0226325 ,  0.        ,  0.00082142,  0.        ,  0.        ,  0.01872795,  0.        ,  0.        ,  0.        ,  0.0090679 ,  0.02616071,  0.04374308,  0.01385171,  0.        ,  0.        ,  0.09634374,  0.08006556,  0.12304881,  0.18917788,  0.00733943,  0.00132922,  0.03469997,  0.        ,  0.02017345,  0.02239047,  0.        ,  0.04261402,  0.00235612,  0.        ,  0.        ,  0.        ,  0.00255601,  0.01476848,  0.01047445,  0.02728667,  0.00747824,  0.00067386,  0.02265932,  0.        ,  0.        ,  0.        ,  0.00264075,  0.00232294,  0.        ],
       [ 0.09091283,  0.        ,  0.        ,  0.        ,  0.00273242,  0.06191903,  0.02169473,  0.        ,  0.00080021,  0.        ,  0.        ,  0.01859412,  0.        ,  0.        ,  0.        ,  0.0090679 ,  0.02544375,  0.04464484,  0.0135166 ,  0.        ,  0.        ,  0.09645115,  0.08181104,  0.1235138 ,  0.18707575,  0.00747054,  0.00119977,  0.03569719,  0.        ,  0.02063754,  0.02242507,  0.        ,  0.04238548,  0.00230094,  0.        ,  0.        ,  0.        ,  0.00257439,  0.01477268,  0.01044111,  0.0277199 ,  0.0072608 ,  0.00069039,  0.02125999,  0.        ,  0.        ,  0.        ,  0.00267429,  0.00231174,  0.        ],
       [ 0.09293146,  0.        ,  0.        ,  0.        ,  0.00273476,  0.06220092,  0.02405753,  0.        ,  0.00091935,  0.        ,  0.        ,  0.0186273 ,  0.        ,  0.        ,  0.        ,  0.0090679 ,  0.0248047 ,  0.0449825 ,  0.01382657,  0.        ,  0.        ,  0.09621282,  0.07862384,  0.12345585,  0.18414417,  0.00747431,  0.00098298,  0.0361652 ,  0.        ,  0.01947477,  0.0229855 ,  0.        ,  0.04240102,  0.00230442,  0.        ,  0.        ,  0.        ,  0.00259378,  0.01408976,  0.01051316,  0.02821205,  0.00740865,  0.000664  ,  0.02337174,  0.        ,  0.        ,  0.        ,  0.00247714,  0.00229185,  0.        ],
       [ 0.09057597,  0.        ,  0.        ,  0.        ,  0.0027093 ,  0.06219292,  0.02308425,  0.        ,  0.00097258,  0.        ,  0.        ,  0.01861383,  0.        ,  0.        ,  0.        ,  0.0090679 ,  0.02443732,  0.04532125,  0.01360601,  0.        ,  0.        ,  0.09596177,  0.08004616,  0.12308597,  0.18795074,  0.00759698,  0.0012768 ,  0.03463049,  0.        ,  0.01929736,  0.02350042,  0.        ,  0.04243354,  0.00222764,  0.        ,  0.        ,  0.        ,  0.00261582,  0.01399825,  0.01052742,  0.02808343,  0.00746045,  0.00068594,  0.02296515,  0.        ,  0.        ,  0.        ,  0.00273465,  0.00233969,  0.        ],
       [ 0.09303495,  0.        ,  0.        ,  0.        ,  0.00269764,  0.06197141,  0.02155112,  0.        ,  0.00096374,  0.        ,  0.        ,  0.01867602,  0.        ,  0.        ,  0.        ,  0.0090679 ,  0.02552936,  0.04522768,  0.01382011,  0.        ,  0.        ,  0.09674114,  0.08215877,  0.12340033,  0.18338232,  0.00736706,  0.00117352,  0.03503989,  0.        ,  0.02059159,  0.02230166,  0.        ,  0.04242186,  0.00236052,  0.        ,  0.        ,  0.        ,  0.00255252,  0.01524996,  0.0104277 ,  0.02765173,  0.00725119,  0.00067399,  0.02180105,  0.        ,  0.        ,  0.        ,  0.00258749,  0.00232577,  0.        ],
       [ 0.09107159,  0.        ,  0.        ,  0.        ,  0.00266933,  0.06243008,  0.02203644,  0.        ,  0.00084825,  0.        ,  0.        ,  0.018599  ,  0.        ,  0.        ,  0.        ,  0.0090679 ,  0.02580955,  0.04733641,  0.01375998,  0.        ,  0.        ,  0.0949941 ,  0.08128923,  0.12302905,  0.18359479,  0.00729246,  0.0010219 ,  0.03654777,  0.        ,  0.01916174,  0.02267383,  0.        ,  0.04297163,  0.00228681,  0.        ,  0.        ,  0.        ,  0.00261155,  0.01472641,  0.01028117,  0.02830554,  0.00724662,  0.0006371 ,  0.02287057,  0.        ,  0.        ,  0.        ,  0.00255059,  0.0022786 ,  0.        ],
       [ 0.09078995,  0.        ,  0.        ,  0.        ,  0.00267709,  0.06257448,  0.02174058,  0.        ,  0.00083985,  0.        ,  0.        ,  0.01842634,  0.        ,  0.        ,  0.        ,  0.0090679 ,  0.02620445,  0.04519418,  0.0133983 ,  0.        ,  0.        ,  0.09612854,  0.08077903,  0.12317776,  0.18518248,  0.00740451,  0.00130676,  0.03605089,  0.        ,  0.01925802,  0.02253013,  0.        ,  0.04324648,  0.00232183,  0.        ,  0.        ,  0.        ,  0.00254332,  0.0148387 ,  0.01030159,  0.02810932,  0.00738724,  0.00066602,  0.02281048,  0.        ,  0.        ,  0.        ,  0.0027872 ,  0.00225661,  0.        ],
       [ 0.08778376,  0.        ,  0.        ,  0.        ,  0.00296528,  0.0625365 ,  0.02296006,  0.        ,  0.00091442,  0.        ,  0.        ,  0.01845381,  0.        ,  0.        ,  0.        ,  0.0090679 ,  0.02529394,  0.04634303,  0.01355334,  0.        ,  0.        ,  0.09578041,  0.08329901,  0.12347042,  0.18605557,  0.00745084,  0.00128698,  0.03639898,  0.        ,  0.01896835,  0.02302662,  0.        ,  0.04295698,  0.00232777,  0.        ,  0.        ,  0.        ,  0.00257225,  0.01545213,  0.01037321,  0.02659137,  0.00744028,  0.00071536,  0.02101826,  0.        ,  0.        ,  0.        ,  0.0026607 ,  0.00228246,  0.        ],
       [ 0.09165579,  0.        ,  0.        ,  0.        ,  0.00280758,  0.06224727,  0.02152676,  0.        ,  0.00093431,  0.        ,  0.        ,  0.01852742,  0.        ,  0.        ,  0.        ,  0.0090679 ,  0.02687544,  0.04681743,  0.01374931,  0.        ,  0.        ,  0.09643019,  0.079414  ,  0.12333033,  0.18594766,  0.00730694,  0.00130181,  0.03468669,  0.        ,  0.01911489,  0.02293098,  0.        ,  0.04274436,  0.00232875,  0.        ,  0.        ,  0.        ,  0.00258441,  0.01487075,  0.01048797,  0.02790043,  0.00731684,  0.00067582,  0.02147161,  0.        ,  0.        ,  0.        ,  0.00267374,  0.00227261,  0.        ],
       [ 0.09014059,  0.        ,  0.        ,  0.        ,  0.00285379,  0.06177245,  0.02055939,  0.        ,  0.00092797,  0.        ,  0.        ,  0.01864803,  0.        ,  0.        ,  0.        ,  0.0090679 ,  0.02579573,  0.0422949 ,  0.01368921,  0.        ,  0.        ,  0.09578997,  0.08166043,  0.12341015,  0.19137298,  0.00758128,  0.00114166,  0.03472303,  0.        ,  0.02031056,  0.02176257,  0.        ,  0.04298923,  0.00227714,  0.        ,  0.        ,  0.        ,  0.00256678,  0.01443623,  0.0103986 ,  0.02754303,  0.00743275,  0.00066852,  0.02294482,  0.        ,  0.        ,  0.        ,  0.00292756,  0.00231274,  0.        ],
       [ 0.09311978,  0.        ,  0.        ,  0.        ,  0.00275427,  0.06210637,  0.02288694,  0.        ,  0.00098037,  0.        ,  0.        ,  0.01838902,  0.        ,  0.        ,  0.        ,  0.0090679 ,  0.02685804,  0.04706914,  0.01379787,  0.        ,  0.        ,  0.09346745,  0.08100042,  0.12375257,  0.18422264,  0.00745028,  0.00138174,  0.03559115,  0.        ,  0.0196335 ,  0.02140385,  0.        ,  0.04249269,  0.00231238,  0.        ,  0.        ,  0.        ,  0.00252149,  0.01472975,  0.01059748,  0.02711962,  0.00737082,  0.00067104,  0.02205152,  0.        ,  0.        ,  0.        ,  0.00282073,  0.00237916,  0.        ],
       [ 0.09137313,  0.        ,  0.        ,  0.        ,  0.00265825,  0.0621858 ,  0.02204515,  0.        ,  0.00094301,  0.        ,  0.        ,  0.01879516,  0.        ,  0.        ,  0.        ,  0.0090679 ,  0.02554589,  0.04547941,  0.01348651,  0.        ,  0.        ,  0.09539499,  0.08166432,  0.12339101,  0.18606789,  0.00737387,  0.00115411,  0.03588379,  0.        ,  0.01916357,  0.02305743,  0.        ,  0.0425499 ,  0.00232812,  0.        ,  0.        ,  0.        ,  0.00247034,  0.01476594,  0.01057118,  0.02778551,  0.00736959,  0.00067467,  0.02173965,  0.        ,  0.        ,  0.        ,  0.00273785,  0.00227605,  0.        ]])

Difference: [-0.00037801,  0.        ,  0.        ,  0.        ,  0.00057018,  0.0004989 , -0.00044171,  0.        ,  0.00057772,  0.        ,  0.        , -0.00059948,  0.        ,  0.        ,  0.        , -0.00057667, -0.00042752, -0.00037352, -0.00058264,  0.        ,  0.        ,  0.00014687,  0.00015784,  0.00032358, -0.0000326 ,  0.00056253,  0.000559  , -0.00042801,  0.        , -0.0004634 ,  0.00034457,  0.        , -0.00053633,  0.00056325,  0.        ,  0.        ,  0.        , -0.00060868,  0.00046344,  0.00055483, -0.00049216, -0.00060771,  0.0005657 , -0.00046746,  0.        ,  0.        ,  0.        ,  0.00056679,  0.00056071,  0.        ]
Time: 96.131498 s

 ----------------- 

For value 0
    Mean = 2.1092765754483285
    Median = 2.1117030781712853
    Min-max = 1.937749930528107 -> 2.3119792564176085
    STDev = 0.045430829100638018

For value 1
    Mean = 0.54870995880721984
    Median = 0.53410969740495995
    Min-max = 0.30314339528535367 -> 0.97656584802098068
    STDev = 0.10989021377764613

For value 2
    Mean = 0.38909947962327435
    Median = 0.38707187905502816
    Min-max = 0.21047600072206624 -> 0.61454461742750721
    STDev = 0.062459651453528955

For value 3
    Mean = 0.30190265875383576
    Median = 0.30327281303153331
    Min-max = 0.17177172006567923 -> 0.50032759239995317
    STDev = 0.051431496059074669

For value 4
    Mean = 0.23867004118550042
    Median = 0.2363136713842377
    Min-max = 0.1356438062418801 -> 0.38928823870301149
    STDev = 0.044177122113796166

For value 5
    Mean = 0.19406978008114986
    Median = 0.18843449716371574
    Min-max = 0.11774240385351846 -> 0.31233635227887441
    STDev = 0.034076059267416074

For value 6
    Mean = 0.16279849444311148
    Median = 0.15853496493573538
    Min-max = 0.10007356037246223 -> 0.27740903218189561
    STDev = 0.026461798731979482

For value 7
    Mean = 0.1393719852942234
    Median = 0.13807397937305549
    Min-max = 0.087246083092531984 -> 0.24944782451270517
    STDev = 0.020834128342772464

For value 8
    Mean = 0.11949149238189732
    Median = 0.11884692760313854
    Min-max = 0.062067174355563227 -> 0.20795459898680882
    STDev = 0.01811853456265506

For value 9
    Mean = 0.10199166098113817
    Median = 0.10043654850659936
    Min-max = 0.053536934710415721 -> 0.18389105605257303
    STDev = 0.015654893491691736

For value 10
    Mean = 0.087119136427403474
    Median = 0.085741701835711781
    Min-max = 0.049546345995330157 -> 0.13168799864888456
    STDev = 0.013213899339965866

For value 11
    Mean = 0.074011171442296242
    Median = 0.073549168915440527
    Min-max = 0.045576384551739492 -> 0.12136761295207144
    STDev = 0.010791017053295953

For value 12
    Mean = 0.062759689423385639
    Median = 0.062319116881059511
    Min-max = 0.035099055916018231 -> 0.094492233854330449
    STDev = 0.0088908803499247006

For value 13
    Mean = 0.052991747425624673
    Median = 0.052596808373815633
    Min-max = 0.032145420990421301 -> 0.081578605707365998
    STDev = 0.0080875198747225301

For value 14
    Mean = 0.044161436034399905
    Median = 0.043564045118344601
    Min-max = 0.026793966470577461 -> 0.067160600631783016
    STDev = 0.0067765923865887121

For value 15
    Mean = 0.036458303129244245
    Median = 0.035923415288494021
    Min-max = 0.023770017422164672 -> 0.058145178840252193
    STDev = 0.005691550766497337

For value 16
    Mean = 0.030527559831380498
    Median = 0.030109915612061579
    Min-max = 0.020272117048357238 -> 0.047392514637237981
    STDev = 0.0042419919453832704

For value 17
    Mean = 0.02597507722814137
    Median = 0.025803032153525886
    Min-max = 0.018855932379832966 -> 0.040841675341454921
    STDev = 0.0030392910259854182

For value 18
    Mean = 0.022521944971960448
    Median = 0.022401537327635074
    Min-max = 0.015483635121604531 -> 0.030454896448424473
    STDev = 0.002454737630834607

For value 19
    Mean = 0.019626728010657346
    Median = 0.019644761421542402
    Min-max = 0.013498137279739504 -> 0.025637749290803286
    STDev = 0.0020222221727644422

For value 20
    Mean = 0.017138502751228593
    Median = 0.017174756377140922
    Min-max = 0.011807229046139017 -> 0.023458543048663974
    STDev = 0.0018063905634354241

For value 21
    Mean = 0.014778957114817868
    Median = 0.014860889894065771
    Min-max = 0.0094615837933834067 -> 0.020762540878040522
    STDev = 0.00171569387903537

For value 22
    Mean = 0.012490734130158736
    Median = 0.012510360394421121
    Min-max = 0.0069110467450625825 -> 0.017494552103835867
    STDev = 0.0016209868799976557

For value 23
    Mean = 0.010382975331470081
    Median = 0.010347997713307865
    Min-max = 0.0058871744148890591 -> 0.01521487504093821
    STDev = 0.0015389045771620699

For value 24
    Mean = 0.0084173503626371483
    Median = 0.0083897582376280602
    Min-max = 0.0047287536197281347 -> 0.012820749218561934
    STDev = 0.001301000840303889

For value 25
    Mean = 0.0068090737164900926
    Median = 0.006769571156601888
    Min-max = 0.0039674918952721646 -> 0.010506951596725805
    STDev = 0.001081423603050831

For value 26
    Mean = 0.0054123723009565396
    Median = 0.0054506018544223534
    Min-max = 0.0026764059825543232 -> 0.008221224205164343
    STDev = 0.00094425105481761053

For value 27
    Mean = 0.0040077544372370934
    Median = 0.0039944996721066623
    Min-max = 0.0016137208608541626 -> 0.007216775744721118
    STDev = 0.00083573329952106254

For value 28
    Mean = 0.0025398524135585008
    Median = 0.0026060463636336908
    Min-max = 2.8205452873789873e-05 -> 0.003463046594171132
    STDev = 0.00050743331966875984

For value 29
    Mean = 0.00036969136036678926
    Median = 0.00040416047643171388
    Min-max = 9.0570219803376698e-17 -> 0.0005853074545608773
    STDev = 0.00013332889832855371

For value 30
    Mean = 1.3684748939280647e-16
    Median = 1.3457473807146947e-16
    Min-max = 2.2403451721845286e-17 -> 2.8488404085045582e-16
    STDev = 3.493558265715292e-17

For value 31
    Mean = 3.942939208200918e-17
    Median = 3.7332055725752101e-17
    Min-max = 1.6973157803520119e-17 -> 1.0538990696909708e-16
    STDev = 1.1871522090436044e-17

For value 32
    Mean = 2.6446777632096411e-17
    Median = 2.5834899950757981e-17
    Min-max = 1.0570438021716672e-17 -> 5.6805508545687996e-17
    STDev = 6.5634123490815073e-18

For value 33
    Mean = 1.7157771734342765e-17
    Median = 1.6561714905123234e-17
    Min-max = 8.5505651025032054e-18 -> 3.7681217609579823e-17
    STDev = 4.1203951715640698e-18

For value 34
    Mean = 1.2531953066355501e-17
    Median = 1.2212037971740672e-17
    Min-max = 6.7460761878645699e-18 -> 2.5405488489439814e-17
    STDev = 2.6080254799995559e-18

For value 35
    Mean = 9.4481866725174211e-18
    Median = 9.2325689307265088e-18
    Min-max = 4.6639113316211181e-18 -> 1.8021471799824466e-17
    STDev = 1.9299393697117156e-18

For value 36
    Mean = 7.1185896430407057e-18
    Median = 6.9995333026820078e-18
    Min-max = 3.6699622644864214e-18 -> 1.4863401548355693e-17
    STDev = 1.4146275695312976e-18

For value 37
    Mean = 5.3617078326094302e-18
    Median = 5.2800387847214882e-18
    Min-max = 2.3725133345687063e-18 -> 9.7402552943761449e-18
    STDev = 1.1400466607760969e-18

For value 38
    Mean = 3.7879651281073929e-18
    Median = 3.7158294662853207e-18
    Min-max = 1.1507883177144298e-18 -> 6.8071908886678879e-18
    STDev = 9.0014910707933379e-19

For value 39
    Mean = 2.1572944863578055e-18
    Median = 2.1126205919314069e-18
    Min-max = 8.9861084878910733e-19 -> 4.5051229926476965e-18
    STDev = 5.1927378242525787e-19

For value 40
    Mean = 1.3349070120830718e-18
    Median = 1.2949519607148814e-18
    Min-max = 2.3803357372479507e-19 -> 3.5281250854965861e-18
    STDev = 3.7515102372868005e-19

For value 41
    Mean = 3.309178337723335e-19
    Median = 3.0181684829061656e-19
    Min-max = 3.6631713417950204e-20 -> 1.2170640004982821e-18
    STDev = 1.6081681022892843e-19

For value 42
    Mean = 3.0852751676460848e-33
    Median = 2.6335186051221495e-33
    Min-max = 9.3602299226565954e-34 -> 1.2725888931304403e-32
    STDev = 1.6896381963076589e-33

For value 43
    Mean = 1.1616844432022694e-33
    Median = 1.105941657068765e-33
    Min-max = 3.979849031823936e-34 -> 3.7299496938779445e-33
    STDev = 3.7066557272561816e-34

For value 44
    Mean = 7.0050098402704393e-34
    Median = 6.7160816752936771e-34
    Min-max = 2.2247704333070639e-34 -> 1.8624778607007322e-33
    STDev = 2.2792425089660027e-34

For value 45
    Mean = 3.8268405523002647e-34
    Median = 3.6324181970112016e-34
    Min-max = 4.1762770074664736e-35 -> 1.111799970925059e-33
    STDev = 1.4570527393542631e-34

For value 46
    Mean = 5.2384725233107743e-50
    Median = 4.7799509526339944e-50
    Min-max = 5.0495930614395346e-51 -> 1.8330303805942014e-49
    STDev = 2.7237127989886943e-50

For value 47
    Mean = 1.892950514239394e-50
    Median = 1.6307291118337658e-50
    Min-max = 0.0 -> 1.0464584419916893e-49
    STDev = 1.3315486660341153e-50

For value 48
    Mean = 1.8880064957570542e-66
    Median = 1.3807462292299284e-66
    Min-max = 0.0 -> 1.2560757129371788e-65
    STDev = 1.6775748383765707e-66

For value 49
    Mean = 0.0
    Median = 0.0
    Min-max = 0.0 -> 0.0
    STDev = 0.0

