Target distribution: [0.095315024232633286, 0.0, 0.0, 0.0, 0.0016155088852988692, 0.061389337641357025, 0.024232633279483037, 0.0, 0.0, 0.0, 0.0, 0.019386106623586429, 0.0, 0.0, 0.0, 0.0096930533117932146, 0.027463651050080775, 0.048465266558966075, 0.014539579967689823, 0.0, 0.0, 0.093699515347334408, 0.077544426494345717, 0.12277867528271405, 0.18416801292407109, 0.006462035541195477, 0.0, 0.037156704361873988, 0.0, 0.0210016155088853, 0.019386106623586429, 0.0, 0.04361873990306947, 0.0016155088852988692, 0.0, 0.0, 0.0, 0.0032310177705977385, 0.012924071082390954, 0.0096930533117932146, 0.029079159935379646, 0.0080775444264943458, 0.0, 0.024232633279483037, 0.0, 0.0, 0.0, 0.0016155088852988692, 0.0016155088852988692, 0.0]
General distribution: [0.050822437789962038, 0.0, 0.0, 0.0, 0.0079080556727119354, 0.065056938000843528, 0.010544074230282582, 0.0, 0.0065373260227752005, 0.0, 0.0, 0.015710670603121046, 0.0, 0.0, 0.0, 0.0090679038380430191, 0.013180092787853226, 0.024040489245044285, 0.0099114297764656255, 0.0, 0.0, 0.11081822016026993, 0.10733867566427667, 0.1290594685786588, 0.20518768452129904, 0.010754955714888232, 0.016659637283846479, 0.022353437368199072, 0.0, 0.010754955714888232, 0.043547026571067057, 0.0, 0.037431463517503163, 0.0029523407844791226, 0.0, 0.0, 0.0, 0.0016870518768452129, 0.024567692956558414, 0.012020244622522143, 0.021193589202867989, 0.0057992408266554192, 0.0012652889076339097, 0.01233656684943062, 0.0, 0.0, 0.0, 0.0081189371573175875, 0.0033741037536904259, 0.0]
Epsilon: 1e-05
Ensemble size: 1000
Delta scale: 100.0

array([[ 0.09408032,  0.        ,  0.        ,  0.        ,  0.0023456 ,  0.06215126,  0.02364201,  0.        ,  0.00053879,  0.        ,  0.        ,  0.0185273 ,  0.        ,  0.        ,  0.        ,  0.0090679 ,  0.02766616,  0.04738034,  0.01387028,  0.        ,  0.        ,  0.09187347,  0.08067973,  0.12333181,  0.18588185,  0.00723972,  0.00041477,  0.03619231,  0.        ,  0.02071378,  0.01862594,  0.        ,  0.04251876,  0.00221683,  0.        ,  0.        ,  0.        ,  0.00253775,  0.01395621,  0.01040287,  0.02786261,  0.00735331,  0.00063488,  0.02367047,  0.        ,  0.        ,  0.        ,  0.00229705,  0.00232593,  0.        ],
       [ 0.0912634 ,  0.        ,  0.        ,  0.        ,  0.00265362,  0.06215546,  0.02402563,  0.        ,  0.00096145,  0.        ,  0.        ,  0.01852975,  0.        ,  0.        ,  0.        ,  0.0090679 ,  0.02501741,  0.04424798,  0.0136345 ,  0.        ,  0.        ,  0.09424482,  0.07982515,  0.12402242,  0.18701686,  0.00738785,  0.00126031,  0.03574144,  0.        ,  0.01969569,  0.02253084,  0.        ,  0.04207683,  0.00231281,  0.        ,  0.        ,  0.        ,  0.00254606,  0.01554425,  0.01041608,  0.02845094,  0.00722782,  0.00067387,  0.02236053,  0.        ,  0.        ,  0.        ,  0.00276408,  0.00234425,  0.        ],
       [ 0.09507766,  0.        ,  0.        ,  0.        ,  0.00251327,  0.06232136,  0.02377893,  0.        ,  0.00110148,  0.        ,  0.        ,  0.01865958,  0.        ,  0.        ,  0.        ,  0.0090679 ,  0.02463063,  0.0445884 ,  0.01387211,  0.        ,  0.        ,  0.09431036,  0.07869257,  0.12348988,  0.18438817,  0.00751449,  0.0012129 ,  0.0347887 ,  0.        ,  0.019535  ,  0.02197341,  0.        ,  0.04254847,  0.00232451,  0.        ,  0.        ,  0.        ,  0.00257521,  0.01496234,  0.01049528,  0.02848669,  0.00731196,  0.00068184,  0.0238719 ,  0.        ,  0.        ,  0.        ,  0.0028649 ,  0.0023601 ,  0.        ],
       [ 0.09039706,  0.        ,  0.        ,  0.        ,  0.00275911,  0.06213301,  0.02303234,  0.        ,  0.0008687 ,  0.        ,  0.        ,  0.01818316,  0.        ,  0.        ,  0.        ,  0.0090679 ,  0.02551513,  0.04576131,  0.01378459,  0.        ,  0.        ,  0.094079  ,  0.0804561 ,  0.12432259,  0.18624777,  0.00766655,  0.00147633,  0.03542801,  0.        ,  0.01958219,  0.02289503,  0.        ,  0.04268032,  0.00226517,  0.        ,  0.        ,  0.        ,  0.00251185,  0.01420383,  0.01044449,  0.02811597,  0.00740412,  0.00069266,  0.02294229,  0.        ,  0.        ,  0.        ,  0.00273029,  0.00235313,  0.        ],
       [ 0.09047536,  0.        ,  0.        ,  0.        ,  0.00265029,  0.06228846,  0.02239315,  0.        ,  0.00104185,  0.        ,  0.        ,  0.01862005,  0.        ,  0.        ,  0.        ,  0.0090679 ,  0.02508682,  0.04271598,  0.01369867,  0.        ,  0.        ,  0.09758343,  0.08094383,  0.12386225,  0.18758583,  0.00733063,  0.00146212,  0.03558199,  0.        ,  0.01890973,  0.02349764,  0.        ,  0.04243523,  0.00225242,  0.        ,  0.        ,  0.        ,  0.00257744,  0.01422077,  0.01043946,  0.02786892,  0.00743131,  0.0006612 ,  0.02241097,  0.        ,  0.        ,  0.        ,  0.00257998,  0.00232629,  0.        ],
       [ 0.0927025 ,  0.        ,  0.        ,  0.        ,  0.00221058,  0.06215581,  0.02285951,  0.        ,  0.00073885,  0.        ,  0.        ,  0.01852545,  0.        ,  0.        ,  0.        ,  0.0090679 ,  0.02586596,  0.04527939,  0.01379752,  0.        ,  0.        ,  0.09375495,  0.08090961,  0.12291566,  0.18473837,  0.00723199,  0.00073129,  0.0367302 ,  0.        ,  0.02087446,  0.02075089,  0.        ,  0.04259437,  0.0022781 ,  0.        ,  0.        ,  0.        ,  0.00259157,  0.01481968,  0.01053613,  0.02804671,  0.00748455,  0.00062153,  0.0241019 ,  0.        ,  0.        ,  0.        ,  0.00277876,  0.0023058 ,  0.        ],
       [ 0.09161524,  0.        ,  0.        ,  0.        ,  0.00258475,  0.062351  ,  0.02341718,  0.        ,  0.00088697,  0.        ,  0.        ,  0.01880749,  0.        ,  0.        ,  0.        ,  0.0090679 ,  0.02502084,  0.04510964,  0.01360493,  0.        ,  0.        ,  0.09656709,  0.07876872,  0.12377032,  0.18741702,  0.00745194,  0.00092977,  0.03523536,  0.        ,  0.01911337,  0.02216903,  0.        ,  0.04245642,  0.00231932,  0.        ,  0.        ,  0.        ,  0.00260744,  0.01398081,  0.01051734,  0.02869018,  0.00742365,  0.00064113,  0.02243132,  0.        ,  0.        ,  0.        ,  0.00262036,  0.00242347,  0.        ],
       [ 0.09064881,  0.        ,  0.        ,  0.        ,  0.00254991,  0.06222833,  0.02312558,  0.        ,  0.00103898,  0.        ,  0.        ,  0.01838392,  0.        ,  0.        ,  0.        ,  0.0090679 ,  0.02500398,  0.04477179,  0.01362889,  0.        ,  0.        ,  0.09674459,  0.08169973,  0.12390979,  0.18602986,  0.00730176,  0.00136226,  0.03496974,  0.        ,  0.0189513 ,  0.02239358,  0.        ,  0.04244968,  0.0022778 ,  0.        ,  0.        ,  0.        ,  0.00257786,  0.01431741,  0.01055771,  0.02739536,  0.00735078,  0.00067565,  0.02356107,  0.        ,  0.        ,  0.        ,  0.0026517 ,  0.00237428,  0.        ],
       [ 0.09088836,  0.        ,  0.        ,  0.        ,  0.00279588,  0.06223492,  0.02412763,  0.        ,  0.0009704 ,  0.        ,  0.        ,  0.01843764,  0.        ,  0.        ,  0.        ,  0.0090679 ,  0.02581768,  0.04503276,  0.01384249,  0.        ,  0.        ,  0.09457857,  0.07994297,  0.12255561,  0.18762871,  0.00756704,  0.00135783,  0.03631432,  0.        ,  0.01837868,  0.02159327,  0.        ,  0.04254389,  0.00226256,  0.        ,  0.        ,  0.        ,  0.00255   ,  0.01509673,  0.01040743,  0.02779051,  0.00731007,  0.00062997,  0.02314515,  0.        ,  0.        ,  0.        ,  0.00271442,  0.00241659,  0.        ],
       [ 0.08823527,  0.        ,  0.        ,  0.        ,  0.00251267,  0.06213941,  0.0242143 ,  0.        ,  0.00089788,  0.        ,  0.        ,  0.01834667,  0.        ,  0.        ,  0.        ,  0.0090679 ,  0.02504808,  0.04541541,  0.01343956,  0.        ,  0.        ,  0.0958095 ,  0.0797931 ,  0.12424345,  0.18753713,  0.0074999 ,  0.00139999,  0.03539372,  0.        ,  0.02007562,  0.02371213,  0.        ,  0.04174704,  0.0022576 ,  0.        ,  0.        ,  0.        ,  0.00260335,  0.01497437,  0.01058353,  0.02781598,  0.0073737 ,  0.00070458,  0.02199728,  0.        ,  0.        ,  0.        ,  0.00278426,  0.00237662,  0.        ],
       [ 0.08827053,  0.        ,  0.        ,  0.        ,  0.00284262,  0.06223005,  0.02152849,  0.        ,  0.00092581,  0.        ,  0.        ,  0.01851912,  0.        ,  0.        ,  0.        ,  0.0090679 ,  0.02499746,  0.04350492,  0.01376656,  0.        ,  0.        ,  0.09544495,  0.08273552,  0.12400055,  0.18957397,  0.00733227,  0.00129159,  0.0346235 ,  0.        ,  0.01977887,  0.02285981,  0.        ,  0.04222118,  0.00229441,  0.        ,  0.        ,  0.        ,  0.00252171,  0.01499902,  0.01048253,  0.02787207,  0.00733255,  0.00067753,  0.02331899,  0.        ,  0.        ,  0.        ,  0.00264682,  0.00233869,  0.        ],
       [ 0.09202358,  0.        ,  0.        ,  0.        ,  0.00260441,  0.06235739,  0.02481845,  0.        ,  0.00090397,  0.        ,  0.        ,  0.01844736,  0.        ,  0.        ,  0.        ,  0.0090679 ,  0.02509038,  0.04377386,  0.01344792,  0.        ,  0.        ,  0.09464137,  0.08055003,  0.12310588,  0.18629986,  0.00715489,  0.00122126,  0.03642554,  0.        ,  0.0193717 ,  0.02178278,  0.        ,  0.04276086,  0.00232993,  0.        ,  0.        ,  0.        ,  0.00257363,  0.01502667,  0.01061568,  0.02774434,  0.00737544,  0.00066333,  0.02265958,  0.        ,  0.        ,  0.        ,  0.00282285,  0.00233914,  0.        ],
       [ 0.09123521,  0.        ,  0.        ,  0.        ,  0.00257625,  0.06185333,  0.02236994,  0.        ,  0.00088214,  0.        ,  0.        ,  0.01850927,  0.        ,  0.        ,  0.        ,  0.0090679 ,  0.02497944,  0.04426364,  0.01421612,  0.        ,  0.        ,  0.09670072,  0.0813716 ,  0.12377404,  0.18517805,  0.00731383,  0.00127316,  0.035267  ,  0.        ,  0.01979187,  0.02184496,  0.        ,  0.04199487,  0.00230271,  0.        ,  0.        ,  0.        ,  0.00248931,  0.01448122,  0.01047122,  0.02882645,  0.00741665,  0.00064519,  0.02378112,  0.        ,  0.        ,  0.        ,  0.002757  ,  0.00236577,  0.        ],
       [ 0.08987878,  0.        ,  0.        ,  0.        ,  0.00277726,  0.06214573,  0.02354138,  0.        ,  0.00089136,  0.        ,  0.        ,  0.01856571,  0.        ,  0.        ,  0.        ,  0.0090679 ,  0.02614001,  0.04455629,  0.01388187,  0.        ,  0.        ,  0.0973943 ,  0.08116982,  0.12398987,  0.18478948,  0.0075373 ,  0.00142334,  0.0346124 ,  0.        ,  0.01994545,  0.0222307 ,  0.        ,  0.04216706,  0.00231415,  0.        ,  0.        ,  0.        ,  0.00252109,  0.01514148,  0.01041223,  0.02751909,  0.00740217,  0.00069709,  0.02223823,  0.        ,  0.        ,  0.        ,  0.00266581,  0.00238264,  0.        ],
       [ 0.0892779 ,  0.        ,  0.        ,  0.        ,  0.00273746,  0.06214451,  0.02262587,  0.        ,  0.00087223,  0.        ,  0.        ,  0.01859322,  0.        ,  0.        ,  0.        ,  0.0090679 ,  0.02572652,  0.04291912,  0.01386007,  0.        ,  0.        ,  0.0972048 ,  0.08275895,  0.12389315,  0.1859165 ,  0.00729791,  0.00146453,  0.03535951,  0.        ,  0.01920317,  0.02339234,  0.        ,  0.04224766,  0.00226817,  0.        ,  0.        ,  0.        ,  0.00260469,  0.01478895,  0.01039705,  0.02768314,  0.00745171,  0.00068966,  0.02246434,  0.        ,  0.        ,  0.        ,  0.00268258,  0.00240639,  0.        ],
       [ 0.08962967,  0.        ,  0.        ,  0.        ,  0.00263876,  0.06210691,  0.02251175,  0.        ,  0.00098715,  0.        ,  0.        ,  0.01856648,  0.        ,  0.        ,  0.        ,  0.0090679 ,  0.02680883,  0.04551801,  0.01354044,  0.        ,  0.        ,  0.0957618 ,  0.0800055 ,  0.12288327,  0.18764427,  0.00727346,  0.0013429 ,  0.03565549,  0.        ,  0.01885517,  0.02234047,  0.        ,  0.04236921,  0.00231542,  0.        ,  0.        ,  0.        ,  0.00258524,  0.01434989,  0.01040544,  0.02847582,  0.00735084,  0.00066198,  0.0234104 ,  0.        ,  0.        ,  0.        ,  0.00259067,  0.00234686,  0.        ],
       [ 0.08831944,  0.        ,  0.        ,  0.        ,  0.00264797,  0.06199289,  0.02331906,  0.        ,  0.00092215,  0.        ,  0.        ,  0.01874421,  0.        ,  0.        ,  0.        ,  0.0090679 ,  0.02532382,  0.04678645,  0.01383971,  0.        ,  0.        ,  0.09702839,  0.07903493,  0.12400318,  0.18629227,  0.00744815,  0.00107923,  0.03567324,  0.        ,  0.01952989,  0.0222973 ,  0.        ,  0.04264274,  0.00226278,  0.        ,  0.        ,  0.        ,  0.00249965,  0.01487357,  0.01039839,  0.02787715,  0.00737854,  0.00066541,  0.02307529,  0.        ,  0.        ,  0.        ,  0.00263982,  0.00233649,  0.        ],
       [ 0.09080918,  0.        ,  0.        ,  0.        ,  0.00248081,  0.06220403,  0.02308563,  0.        ,  0.00077632,  0.        ,  0.        ,  0.01844771,  0.        ,  0.        ,  0.        ,  0.0090679 ,  0.02609911,  0.04541131,  0.01381607,  0.        ,  0.        ,  0.09767509,  0.07856933,  0.12414682,  0.18715709,  0.00719826,  0.00085341,  0.03533877,  0.        ,  0.01933987,  0.02168055,  0.        ,  0.04227022,  0.00227851,  0.        ,  0.        ,  0.        ,  0.00257283,  0.01386598,  0.01055346,  0.02825251,  0.0073364 ,  0.00060807,  0.02323708,  0.        ,  0.        ,  0.        ,  0.00254836,  0.0023193 ,  0.        ],
       [ 0.09078348,  0.        ,  0.        ,  0.        ,  0.00251824,  0.0626198 ,  0.02259594,  0.        ,  0.00094916,  0.        ,  0.        ,  0.01836884,  0.        ,  0.        ,  0.        ,  0.0090679 ,  0.02606829,  0.04493533,  0.01331303,  0.        ,  0.        ,  0.09548006,  0.08362526,  0.12338921,  0.18387174,  0.00748667,  0.00114926,  0.03462444,  0.        ,  0.01944273,  0.02238604,  0.        ,  0.0423475 ,  0.00233276,  0.        ,  0.        ,  0.        ,  0.00253072,  0.01415279,  0.01030649,  0.02821698,  0.00751117,  0.00068007,  0.02443977,  0.        ,  0.        ,  0.        ,  0.00247844,  0.00232787,  0.        ],
       [ 0.09041972,  0.        ,  0.        ,  0.        ,  0.00265776,  0.06240097,  0.02281177,  0.        ,  0.00110991,  0.        ,  0.        ,  0.01818823,  0.        ,  0.        ,  0.        ,  0.0090679 ,  0.02433572,  0.04325472,  0.01347351,  0.        ,  0.        ,  0.09637013,  0.08268424,  0.12350113,  0.18483366,  0.00742882,  0.00128516,  0.03653551,  0.        ,  0.01966865,  0.02292961,  0.        ,  0.04246463,  0.00234302,  0.        ,  0.        ,  0.        ,  0.0026011 ,  0.01463574,  0.01061989,  0.02783844,  0.00735553,  0.00067047,  0.02341133,  0.        ,  0.        ,  0.        ,  0.00271283,  0.00238988,  0.        ],
       [ 0.0903169 ,  0.        ,  0.        ,  0.        ,  0.00268816,  0.06247224,  0.02400415,  0.        ,  0.00091016,  0.        ,  0.        ,  0.01847162,  0.        ,  0.        ,  0.        ,  0.0090679 ,  0.02566272,  0.04430911,  0.01338669,  0.        ,  0.        ,  0.09388016,  0.08197032,  0.12420226,  0.18498006,  0.00736043,  0.00129363,  0.03741323,  0.        ,  0.01864977,  0.02235267,  0.        ,  0.04228098,  0.00233656,  0.        ,  0.        ,  0.        ,  0.00263473,  0.01415429,  0.01048999,  0.02823123,  0.00738738,  0.00065414,  0.02323235,  0.        ,  0.        ,  0.        ,  0.00281778,  0.0023884 ,  0.        ],
       [ 0.09300431,  0.        ,  0.        ,  0.        ,  0.00253622,  0.06180836,  0.02338724,  0.        ,  0.0005322 ,  0.        ,  0.        ,  0.01861727,  0.        ,  0.        ,  0.        ,  0.0090679 ,  0.02599235,  0.0473319 ,  0.01376726,  0.        ,  0.        ,  0.09283044,  0.07996405,  0.12377992,  0.18495372,  0.00744528,  0.00046486,  0.03830675,  0.        ,  0.0198394 ,  0.02185874,  0.        ,  0.04257769,  0.00224911,  0.        ,  0.        ,  0.        ,  0.0025245 ,  0.01351325,  0.01042012,  0.02859725,  0.00729855,  0.00059999,  0.02215975,  0.        ,  0.        ,  0.        ,  0.00234561,  0.00222601,  0.        ],
       [ 0.12197637,  0.        ,  0.        ,  0.        ,  0.00037052,  0.05850375,  0.03037785,  0.        ,  0.        ,  0.        ,  0.        ,  0.02100446,  0.        ,  0.        ,  0.        ,  0.00969305,  0.03348484,  0.06307952,  0.01679918,  0.        ,  0.        ,  0.08055531,  0.05780078,  0.11726404,  0.16245296,  0.0042132 ,  0.        ,  0.04654462,  0.        ,  0.02614708,  0.00876433,  0.        ,  0.04649846,  0.00116605,  0.        ,  0.        ,  0.        ,  0.00374877,  0.00685331,  0.00802385,  0.03302874,  0.0089717 ,  0.        ,  0.03131408,  0.        ,  0.        ,  0.        ,  0.00035233,  0.00101085,  0.        ],
       [ 0.09472365,  0.        ,  0.        ,  0.        ,  0.00213692,  0.06211229,  0.0237947 ,  0.        ,  0.00043359,  0.        ,  0.        ,  0.01870049,  0.        ,  0.        ,  0.        ,  0.0090679 ,  0.02860778,  0.04718011,  0.01341902,  0.        ,  0.        ,  0.09680298,  0.07812492,  0.12319026,  0.18327976,  0.00698314,  0.00023816,  0.0352865 ,  0.        ,  0.021173  ,  0.02013148,  0.        ,  0.0428152 ,  0.00227705,  0.        ,  0.        ,  0.        ,  0.00243884,  0.0132627 ,  0.01042059,  0.02801333,  0.00733589,  0.00058236,  0.0231223 ,  0.        ,  0.        ,  0.        ,  0.00209347,  0.00225164,  0.        ],
       [ 0.09434715,  0.        ,  0.        ,  0.        ,  0.00193214,  0.06231263,  0.02324719,  0.        ,  0.00028382,  0.        ,  0.        ,  0.01872975,  0.        ,  0.        ,  0.        ,  0.0090679 ,  0.02696443,  0.04935757,  0.01381558,  0.        ,  0.        ,  0.09416934,  0.07659846,  0.1237923 ,  0.18873802,  0.00706934,  0.00004451,  0.03552152,  0.        ,  0.020538  ,  0.0181043 ,  0.        ,  0.04369998,  0.00225646,  0.        ,  0.        ,  0.        ,  0.00246587,  0.01305152,  0.01039532,  0.02862154,  0.00720179,  0.00056849,  0.02312954,  0.        ,  0.        ,  0.        ,  0.00182069,  0.00215484,  0.        ],
       [ 0.08776483,  0.        ,  0.        ,  0.        ,  0.0024715 ,  0.0621498 ,  0.023737  ,  0.        ,  0.00102753,  0.        ,  0.        ,  0.01858984,  0.        ,  0.        ,  0.        ,  0.0090679 ,  0.02614263,  0.04485642,  0.01336317,  0.        ,  0.        ,  0.09685848,  0.08035431,  0.12354867,  0.18516979,  0.00759785,  0.00120515,  0.03722374,  0.        ,  0.01942026,  0.02275067,  0.        ,  0.0424924 ,  0.00227441,  0.        ,  0.        ,  0.        ,  0.00258443,  0.01470479,  0.01049657,  0.02820073,  0.0073401 ,  0.00066164,  0.02292445,  0.        ,  0.        ,  0.        ,  0.00267455,  0.00234638,  0.        ],
       [ 0.0921389 ,  0.        ,  0.        ,  0.        ,  0.00255087,  0.06206813,  0.02260818,  0.        ,  0.00106051,  0.        ,  0.        ,  0.01863568,  0.        ,  0.        ,  0.        ,  0.0090679 ,  0.02487976,  0.04236082,  0.01386503,  0.        ,  0.        ,  0.09666512,  0.08209896,  0.12403679,  0.18623001,  0.00756725,  0.0013884 ,  0.03595781,  0.        ,  0.01922361,  0.0219805 ,  0.        ,  0.04240202,  0.00233971,  0.        ,  0.        ,  0.        ,  0.0026099 ,  0.01480512,  0.01054045,  0.02758374,  0.00731018,  0.00067207,  0.02229327,  0.        ,  0.        ,  0.        ,  0.00265701,  0.00240229,  0.        ],
       [ 0.09024107,  0.        ,  0.        ,  0.        ,  0.00270002,  0.062378  ,  0.02227592,  0.        ,  0.00085326,  0.        ,  0.        ,  0.01865059,  0.        ,  0.        ,  0.        ,  0.0090679 ,  0.0256916 ,  0.04592084,  0.01391094,  0.        ,  0.        ,  0.0965544 ,  0.08036922,  0.12369416,  0.18636684,  0.00753042,  0.00095886,  0.03501249,  0.        ,  0.01942786,  0.02265175,  0.        ,  0.0423661 ,  0.00227649,  0.        ,  0.        ,  0.        ,  0.00260031,  0.01460926,  0.01060539,  0.02734508,  0.00731667,  0.00063276,  0.02299922,  0.        ,  0.        ,  0.        ,  0.00267433,  0.00231824,  0.        ],
       [ 0.09020924,  0.        ,  0.        ,  0.        ,  0.00263215,  0.06215505,  0.02277282,  0.        ,  0.00100572,  0.        ,  0.        ,  0.01846481,  0.        ,  0.        ,  0.        ,  0.0090679 ,  0.0246616 ,  0.04519154,  0.01320889,  0.        ,  0.        ,  0.09619955,  0.08329217,  0.12382705,  0.18544962,  0.00757187,  0.00131723,  0.03495319,  0.        ,  0.0189022 ,  0.02382717,  0.        ,  0.04231843,  0.00235375,  0.        ,  0.        ,  0.        ,  0.00251971,  0.0148465 ,  0.01065827,  0.02735283,  0.00723373,  0.00067975,  0.02237565,  0.        ,  0.        ,  0.        ,  0.00260562,  0.00234601,  0.        ],
       [ 0.09036426,  0.        ,  0.        ,  0.        ,  0.00241785,  0.06196231,  0.02202907,  0.        ,  0.00091891,  0.        ,  0.        ,  0.01858569,  0.        ,  0.        ,  0.        ,  0.0090679 ,  0.0249521 ,  0.04785832,  0.01375619,  0.        ,  0.        ,  0.09596677,  0.07935489,  0.12328665,  0.18413295,  0.00730028,  0.00135907,  0.03622962,  0.        ,  0.01954116,  0.02294286,  0.        ,  0.04273033,  0.00229569,  0.        ,  0.        ,  0.        ,  0.00260461,  0.0146331 ,  0.01042965,  0.02802859,  0.00738147,  0.00066092,  0.02408004,  0.        ,  0.        ,  0.        ,  0.00277815,  0.0023506 ,  0.        ],
       [ 0.08976714,  0.        ,  0.        ,  0.        ,  0.00247891,  0.06204014,  0.02402934,  0.        ,  0.00094158,  0.        ,  0.        ,  0.01840989,  0.        ,  0.        ,  0.        ,  0.0090679 ,  0.02422312,  0.04537302,  0.01375505,  0.        ,  0.        ,  0.09625038,  0.0825161 ,  0.12330811,  0.18212882,  0.00764923,  0.00114309,  0.03569114,  0.        ,  0.01936684,  0.02294179,  0.        ,  0.04325308,  0.00227819,  0.        ,  0.        ,  0.        ,  0.00260236,  0.01489069,  0.01060995,  0.02861537,  0.00732312,  0.00067878,  0.02351821,  0.        ,  0.        ,  0.        ,  0.00272745,  0.0024212 ,  0.        ],
       [ 0.09029373,  0.        ,  0.        ,  0.        ,  0.00284618,  0.06226417,  0.02290411,  0.        ,  0.00093998,  0.        ,  0.        ,  0.01832289,  0.        ,  0.        ,  0.        ,  0.0090679 ,  0.02622083,  0.04404968,  0.01332964,  0.        ,  0.        ,  0.09390194,  0.08151369,  0.12345277,  0.18457489,  0.00768998,  0.00126741,  0.03710358,  0.        ,  0.01938093,  0.02290996,  0.        ,  0.04276814,  0.00228336,  0.        ,  0.        ,  0.        ,  0.00251912,  0.01495677,  0.01050516,  0.02806592,  0.00730564,  0.0006838 ,  0.02360452,  0.        ,  0.        ,  0.        ,  0.00288844,  0.00238487,  0.        ],
       [ 0.09253136,  0.        ,  0.        ,  0.        ,  0.00263769,  0.06236084,  0.02273437,  0.        ,  0.00077376,  0.        ,  0.        ,  0.018407  ,  0.        ,  0.        ,  0.        ,  0.0090679 ,  0.02490474,  0.0450052 ,  0.01371638,  0.        ,  0.        ,  0.09598301,  0.08154842,  0.12391686,  0.18496939,  0.00754474,  0.00094506,  0.03527467,  0.        ,  0.01848217,  0.02254276,  0.        ,  0.04251827,  0.00221477,  0.        ,  0.        ,  0.        ,  0.00254993,  0.0149816 ,  0.01027451,  0.02812214,  0.00747256,  0.00062409,  0.0230486 ,  0.        ,  0.        ,  0.        ,  0.00251503,  0.0023322 ,  0.        ],
       [ 0.08980971,  0.        ,  0.        ,  0.        ,  0.00272842,  0.06232422,  0.02114245,  0.        ,  0.00098844,  0.        ,  0.        ,  0.01845832,  0.        ,  0.        ,  0.        ,  0.0090679 ,  0.02626936,  0.04518673,  0.01405759,  0.        ,  0.        ,  0.09518864,  0.08092195,  0.12433387,  0.18634743,  0.00746792,  0.001176  ,  0.03539519,  0.        ,  0.0198434 ,  0.02321697,  0.        ,  0.04201795,  0.0023366 ,  0.        ,  0.        ,  0.        ,  0.0025977 ,  0.01505919,  0.01046111,  0.02793007,  0.00740024,  0.00069348,  0.02237402,  0.        ,  0.        ,  0.        ,  0.00287794,  0.00232719,  0.        ],
       [ 0.08825559,  0.        ,  0.        ,  0.        ,  0.00262331,  0.06239396,  0.02262066,  0.        ,  0.00110077,  0.        ,  0.        ,  0.01845688,  0.        ,  0.        ,  0.        ,  0.0090679 ,  0.02521649,  0.04366248,  0.01370179,  0.        ,  0.        ,  0.09519303,  0.08257306,  0.12368602,  0.18859897,  0.00773759,  0.00132999,  0.03492182,  0.        ,  0.01968883,  0.02296742,  0.        ,  0.04213947,  0.00232316,  0.        ,  0.        ,  0.        ,  0.00251855,  0.01463493,  0.01056977,  0.02785221,  0.00742128,  0.0006933 ,  0.02293552,  0.        ,  0.        ,  0.        ,  0.00277456,  0.0023407 ,  0.        ],
       [ 0.09401051,  0.        ,  0.        ,  0.        ,  0.00267545,  0.06221677,  0.0228744 ,  0.        ,  0.00104709,  0.        ,  0.        ,  0.01854242,  0.        ,  0.        ,  0.        ,  0.0090679 ,  0.0249395 ,  0.04340707,  0.01360103,  0.        ,  0.        ,  0.09717929,  0.08083477,  0.12386755,  0.18378129,  0.00750908,  0.00123673,  0.03629992,  0.        ,  0.01849755,  0.0218991 ,  0.        ,  0.04244232,  0.00226849,  0.        ,  0.        ,  0.        ,  0.00254793,  0.01476362,  0.01046026,  0.02763726,  0.00732422,  0.00068375,  0.02343396,  0.        ,  0.        ,  0.        ,  0.00256532,  0.00238546,  0.        ],
       [ 0.0884081 ,  0.        ,  0.        ,  0.        ,  0.00254295,  0.06205393,  0.02294169,  0.        ,  0.00115098,  0.        ,  0.        ,  0.0187413 ,  0.        ,  0.        ,  0.        ,  0.0090679 ,  0.02439853,  0.04516611,  0.01369152,  0.        ,  0.        ,  0.09750344,  0.08303354,  0.12372485,  0.18428644,  0.00743692,  0.00153836,  0.03565653,  0.        ,  0.01930516,  0.02373388,  0.        ,  0.04250857,  0.0022827 ,  0.        ,  0.        ,  0.        ,  0.00256518,  0.01486046,  0.01047358,  0.0279042 ,  0.00750716,  0.00067034,  0.02148933,  0.        ,  0.        ,  0.        ,  0.0029316 ,  0.00242475,  0.        ],
       [ 0.09248653,  0.        ,  0.        ,  0.        ,  0.00255155,  0.06217653,  0.02162828,  0.        ,  0.00099843,  0.        ,  0.        ,  0.0187437 ,  0.        ,  0.        ,  0.        ,  0.0090679 ,  0.02436646,  0.045903  ,  0.01349907,  0.        ,  0.        ,  0.09526415,  0.08355272,  0.12436853,  0.18289241,  0.00747277,  0.00131689,  0.03571245,  0.        ,  0.01992748,  0.02253912,  0.        ,  0.04212482,  0.00229627,  0.        ,  0.        ,  0.        ,  0.00253495,  0.01507086,  0.01034161,  0.02772379,  0.00740215,  0.0006637 ,  0.02231943,  0.        ,  0.        ,  0.        ,  0.00262691,  0.00242755,  0.        ],
       [ 0.08891745,  0.        ,  0.        ,  0.        ,  0.00247123,  0.06213395,  0.02327712,  0.        ,  0.00100651,  0.        ,  0.        ,  0.01840972,  0.        ,  0.        ,  0.        ,  0.0090679 ,  0.02572898,  0.0441263 ,  0.01371382,  0.        ,  0.        ,  0.09504187,  0.08027594,  0.12351838,  0.1882171 ,  0.0075659 ,  0.00123385,  0.03612837,  0.        ,  0.0191887 ,  0.02264673,  0.        ,  0.04267916,  0.00231262,  0.        ,  0.        ,  0.        ,  0.0025145 ,  0.01488442,  0.01056391,  0.02765675,  0.00753866,  0.0006644 ,  0.02350542,  0.        ,  0.        ,  0.        ,  0.00264102,  0.00236931,  0.        ],
       [ 0.09044651,  0.        ,  0.        ,  0.        ,  0.00265725,  0.06215207,  0.0226219 ,  0.        ,  0.00096615,  0.        ,  0.        ,  0.01825991,  0.        ,  0.        ,  0.        ,  0.0090679 ,  0.02762656,  0.04593276,  0.01349966,  0.        ,  0.        ,  0.09639438,  0.08217621,  0.1232371 ,  0.18601469,  0.00738543,  0.00118865,  0.0348353 ,  0.        ,  0.01914122,  0.02173733,  0.        ,  0.04237498,  0.00236212,  0.        ,  0.        ,  0.        ,  0.00258573,  0.01447712,  0.01042354,  0.02732075,  0.00742734,  0.0006417 ,  0.02187388,  0.        ,  0.        ,  0.        ,  0.0028493 ,  0.00232255,  0.        ],
       [ 0.09196516,  0.        ,  0.        ,  0.        ,  0.00257741,  0.06227515,  0.0228378 ,  0.        ,  0.00088771,  0.        ,  0.        ,  0.01846502,  0.        ,  0.        ,  0.        ,  0.0090679 ,  0.0260702 ,  0.04413591,  0.01387657,  0.        ,  0.        ,  0.09590522,  0.08132859,  0.12422325,  0.18670401,  0.00728404,  0.00088564,  0.03518285,  0.        ,  0.01905702,  0.02190094,  0.        ,  0.04215888,  0.00227052,  0.        ,  0.        ,  0.        ,  0.00247158,  0.01484895,  0.01048756,  0.02775542,  0.00728667,  0.00060799,  0.02254197,  0.        ,  0.        ,  0.        ,  0.00249759,  0.00244249,  0.        ],
       [ 0.08877546,  0.        ,  0.        ,  0.        ,  0.0026525 ,  0.0623215 ,  0.02339623,  0.        ,  0.00106836,  0.        ,  0.        ,  0.01835803,  0.        ,  0.        ,  0.        ,  0.0090679 ,  0.02498716,  0.04590047,  0.01357244,  0.        ,  0.        ,  0.09530174,  0.08105736,  0.12411063,  0.18590596,  0.0075595 ,  0.00136082,  0.03537495,  0.        ,  0.01968222,  0.02353245,  0.        ,  0.04241522,  0.00228086,  0.        ,  0.        ,  0.        ,  0.00267048,  0.01471606,  0.01037658,  0.02765777,  0.00737414,  0.00064935,  0.02274116,  0.        ,  0.        ,  0.        ,  0.00273645,  0.00239622,  0.        ],
       [ 0.09174217,  0.        ,  0.        ,  0.        ,  0.00287339,  0.06225964,  0.02269807,  0.        ,  0.00113312,  0.        ,  0.        ,  0.01846231,  0.        ,  0.        ,  0.        ,  0.0090679 ,  0.0263679 ,  0.04591253,  0.01352351,  0.        ,  0.        ,  0.09578151,  0.07996264,  0.12457676,  0.18279624,  0.00753496,  0.00161898,  0.03703757,  0.        ,  0.01912725,  0.02247999,  0.        ,  0.04262448,  0.00229898,  0.        ,  0.        ,  0.        ,  0.00257843,  0.01402616,  0.01050657,  0.02729844,  0.00741826,  0.00069361,  0.02249171,  0.        ,  0.        ,  0.        ,  0.00268949,  0.00241742,  0.        ],
       [ 0.09000174,  0.        ,  0.        ,  0.        ,  0.00265036,  0.06195906,  0.02230347,  0.        ,  0.00098941,  0.        ,  0.        ,  0.0186092 ,  0.        ,  0.        ,  0.        ,  0.0090679 ,  0.0255542 ,  0.04618213,  0.01356988,  0.        ,  0.        ,  0.09614224,  0.08010557,  0.12377105,  0.18603633,  0.00735893,  0.0010214 ,  0.03553211,  0.        ,  0.01935995,  0.022988  ,  0.        ,  0.04263008,  0.00233703,  0.        ,  0.        ,  0.        ,  0.00253524,  0.01443906,  0.01034311,  0.02840266,  0.00750116,  0.00065343,  0.02304932,  0.        ,  0.        ,  0.        ,  0.00254117,  0.00236478,  0.        ],
       [ 0.09143766,  0.        ,  0.        ,  0.        ,  0.00269491,  0.06209684,  0.02198647,  0.        ,  0.00088655,  0.        ,  0.        ,  0.01844581,  0.        ,  0.        ,  0.        ,  0.0090679 ,  0.02483048,  0.04356451,  0.01377668,  0.        ,  0.        ,  0.09909379,  0.08159828,  0.12303609,  0.18411794,  0.00738404,  0.00136062,  0.03457146,  0.        ,  0.01971685,  0.02360761,  0.        ,  0.04206344,  0.00232489,  0.        ,  0.        ,  0.        ,  0.00256881,  0.01429783,  0.01056635,  0.02849744,  0.00741661,  0.00067052,  0.02316902,  0.        ,  0.        ,  0.        ,  0.00273457,  0.002416  ,  0.        ],
       [ 0.09244689,  0.        ,  0.        ,  0.        ,  0.00259731,  0.0625925 ,  0.02253536,  0.        ,  0.00094777,  0.        ,  0.        ,  0.01850748,  0.        ,  0.        ,  0.        ,  0.0090679 ,  0.02516407,  0.04389434,  0.01322731,  0.        ,  0.        ,  0.0969709 ,  0.08018571,  0.12467975,  0.18556057,  0.00746464,  0.00148673,  0.03513249,  0.        ,  0.01937353,  0.02259076,  0.        ,  0.04262332,  0.0023091 ,  0.        ,  0.        ,  0.        ,  0.00262099,  0.01459505,  0.01045531,  0.02810507,  0.00746952,  0.00066016,  0.0218206 ,  0.        ,  0.        ,  0.        ,  0.00249862,  0.00241626,  0.        ],
       [ 0.08603837,  0.        ,  0.        ,  0.        ,  0.00264506,  0.06228364,  0.02358094,  0.        ,  0.0009808 ,  0.        ,  0.        ,  0.01866205,  0.        ,  0.        ,  0.        ,  0.0090679 ,  0.02496625,  0.04550131,  0.01354719,  0.        ,  0.        ,  0.09523478,  0.08334618,  0.12388157,  0.18897299,  0.00742671,  0.00132133,  0.03469843,  0.        ,  0.01909359,  0.02366074,  0.        ,  0.04263867,  0.00233939,  0.        ,  0.        ,  0.        ,  0.0025948 ,  0.01474702,  0.01042957,  0.0278107 ,  0.0074145 ,  0.00069654,  0.02140375,  0.        ,  0.        ,  0.        ,  0.00264089,  0.00237434,  0.        ],
       [ 0.09035868,  0.        ,  0.        ,  0.        ,  0.00270882,  0.06233958,  0.0223815 ,  0.        ,  0.00092049,  0.        ,  0.        ,  0.0184091 ,  0.        ,  0.        ,  0.        ,  0.0090679 ,  0.02550886,  0.04339538,  0.01404127,  0.        ,  0.        ,  0.095924  ,  0.08056012,  0.12411496,  0.18713661,  0.00752364,  0.00127641,  0.03548796,  0.        ,  0.01901368,  0.02377756,  0.        ,  0.04231298,  0.00230424,  0.        ,  0.        ,  0.        ,  0.00257966,  0.01457439,  0.01042125,  0.02807247,  0.00732864,  0.00068705,  0.02280642,  0.        ,  0.        ,  0.        ,  0.00264963,  0.00231675,  0.        ],
       [ 0.09409912,  0.        ,  0.        ,  0.        ,  0.00269427,  0.06229593,  0.02341312,  0.        ,  0.00091399,  0.        ,  0.        ,  0.01838065,  0.        ,  0.        ,  0.        ,  0.0090679 ,  0.02615166,  0.04379781,  0.01362304,  0.        ,  0.        ,  0.09664557,  0.07974493,  0.12388646,  0.18292005,  0.0074516 ,  0.00135969,  0.03527269,  0.        ,  0.01920277,  0.02281808,  0.        ,  0.04242056,  0.0022538 ,  0.        ,  0.        ,  0.        ,  0.00261704,  0.01463841,  0.01041934,  0.0283403 ,  0.00738969,  0.00068055,  0.02267002,  0.        ,  0.        ,  0.        ,  0.00250483,  0.00232613,  0.        ],
       [ 0.0885756 ,  0.        ,  0.        ,  0.        ,  0.00272476,  0.06209607,  0.02185475,  0.        ,  0.00107837,  0.        ,  0.        ,  0.01867382,  0.        ,  0.        ,  0.        ,  0.0090679 ,  0.02441244,  0.04579318,  0.01360527,  0.        ,  0.        ,  0.09690254,  0.08281279,  0.12409109,  0.18739846,  0.00742924,  0.00134299,  0.03495257,  0.        ,  0.01846893,  0.02318956,  0.        ,  0.04245352,  0.00230322,  0.        ,  0.        ,  0.        ,  0.00252988,  0.01426464,  0.0104749 ,  0.02780104,  0.00728568,  0.00066853,  0.02261735,  0.        ,  0.        ,  0.        ,  0.00279657,  0.00233433,  0.        ]])

Difference: [-0.00037791,  0.        ,  0.        ,  0.        ,  0.00057076,  0.00049825, -0.00044229,  0.        ,  0.00057733,  0.        ,  0.        , -0.00060074,  0.        ,  0.        ,  0.        , -0.00057667, -0.00040819, -0.0003743 , -0.00058069,  0.        ,  0.        ,  0.00013895,  0.00014064,  0.00031847, -0.0000328 ,  0.00056012,  0.00054944, -0.00042604,  0.        , -0.0004555 ,  0.000371  ,  0.        , -0.00053449,  0.00056658,  0.        ,  0.        ,  0.        , -0.00061387,  0.00046485,  0.00055882, -0.00051584, -0.00061251,  0.00056569, -0.00046741,  0.        ,  0.        ,  0.        ,  0.00057012,  0.00056826,  0.        ]
Time: 30.175909 s

 ----------------- 

For value 0
    Mean = 2.1068653223531597
    Median = 2.1060449340503649
    Min-max = 1.9475233736695965 -> 2.2658930604467886
    STDev = 0.045479949497696785

For value 1
    Mean = 0.55780739045384853
    Median = 0.54828525386872951
    Min-max = 0.27788093577577289 -> 0.975371724235227
    STDev = 0.11285282529894954

For value 2
    Mean = 0.38970938860122345
    Median = 0.38395922632043528
    Min-max = 0.20669215566519056 -> 0.61827378365260011
    STDev = 0.062958372541956575

For value 3
    Mean = 0.3014160351084117
    Median = 0.2997559572095177
    Min-max = 0.15379378414628719 -> 0.5155297569096674
    STDev = 0.050850718392741336

For value 4
    Mean = 0.23715913008676004
    Median = 0.23446159777649031
    Min-max = 0.13621440857314079 -> 0.38628858613686534
    STDev = 0.044150983364262944

For value 5
    Mean = 0.19251792482687363
    Median = 0.1886445733472536
    Min-max = 0.12126518200320213 -> 0.31567441224805642
    STDev = 0.033997405943819031

For value 6
    Mean = 0.1609780677562114
    Median = 0.15785648846220235
    Min-max = 0.1039931563383077 -> 0.26478398556141891
    STDev = 0.02530641698636708

For value 7
    Mean = 0.13804113645531202
    Median = 0.13656356351131241
    Min-max = 0.083232854369747436 -> 0.20291175421320259
    STDev = 0.020460606623077891

For value 8
    Mean = 0.11862921331634921
    Median = 0.11807969382057971
    Min-max = 0.07449727595287485 -> 0.17781076597746978
    STDev = 0.017935661129801186

For value 9
    Mean = 0.10148356476500477
    Median = 0.10051523789038541
    Min-max = 0.066647097565072963 -> 0.15184522880859294
    STDev = 0.015471524104635731

For value 10
    Mean = 0.086450995842419567
    Median = 0.085525708691572527
    Min-max = 0.050252074746606736 -> 0.13579665790017426
    STDev = 0.01316480272976662

For value 11
    Mean = 0.073444971985929433
    Median = 0.072789120959876857
    Min-max = 0.045442543979698519 -> 0.11135684773870827
    STDev = 0.010813674677036266

For value 12
    Mean = 0.062458149025141019
    Median = 0.061870546948067297
    Min-max = 0.037494832440431287 -> 0.095530395316321862
    STDev = 0.0093538958511251297

For value 13
    Mean = 0.052737197763450198
    Median = 0.052348928952686502
    Min-max = 0.032497867328159763 -> 0.087193276663811201
    STDev = 0.0078247668783388621

For value 14
    Mean = 0.044011023558512913
    Median = 0.043524911211081513
    Min-max = 0.026851679983323662 -> 0.071861791309024245
    STDev = 0.0068751838500486877

For value 15
    Mean = 0.036564648217285237
    Median = 0.035954722860944713
    Min-max = 0.023752471364443445 -> 0.060265477429790146
    STDev = 0.0052870816219986018

For value 16
    Mean = 0.030419792322827141
    Median = 0.030007517590701013
    Min-max = 0.020311078610532322 -> 0.049535859726705447
    STDev = 0.0038904814422831562

For value 17
    Mean = 0.0258482514491922
    Median = 0.025607415652264667
    Min-max = 0.017850395407214139 -> 0.041967611955477276
    STDev = 0.0029234380587710228

For value 18
    Mean = 0.022380033451664134
    Median = 0.022239873638454661
    Min-max = 0.01567377207629627 -> 0.032736206849144495
    STDev = 0.0023068177666143996

For value 19
    Mean = 0.019531940125718527
    Median = 0.019529566708206589
    Min-max = 0.013610016105348966 -> 0.026542897476380323
    STDev = 0.001925345182590104

For value 20
    Mean = 0.017086806102401753
    Median = 0.017060693108157041
    Min-max = 0.010739639203682866 -> 0.024341190864351336
    STDev = 0.0018615045900911467

For value 21
    Mean = 0.014769057747755282
    Median = 0.014798505087504929
    Min-max = 0.0086905035848877463 -> 0.022372090872777296
    STDev = 0.0017743207240437614

For value 22
    Mean = 0.012581667223245935
    Median = 0.012574367315219045
    Min-max = 0.0077411035902165684 -> 0.017861646165643459
    STDev = 0.001661336004878642

For value 23
    Mean = 0.010417910492752281
    Median = 0.010398463498254362
    Min-max = 0.0055875233082272645 -> 0.015538950440829468
    STDev = 0.0014917648010172974

For value 24
    Mean = 0.0084510597571819512
    Median = 0.0083610956730817386
    Min-max = 0.0050960058287959856 -> 0.013905959360835145
    STDev = 0.0012861573560406041

For value 25
    Mean = 0.0067573263499604375
    Median = 0.0067065687471125702
    Min-max = 0.0033707774583314806 -> 0.0099542326286034058
    STDev = 0.0010252327872711361

For value 26
    Mean = 0.0053749492354152962
    Median = 0.0053754487437758982
    Min-max = 0.0025700664331226248 -> 0.0080742981827884759
    STDev = 0.00087930465733544543

For value 27
    Mean = 0.0040071419326199254
    Median = 0.0039795090935118727
    Min-max = 0.0017873410342956117 -> 0.0065599650438089201
    STDev = 0.00078251338611513702

For value 28
    Mean = 0.0025508529798046577
    Median = 0.0026346380046476008
    Min-max = 1.6005274075699165e-16 -> 0.0036603692735280493
    STDev = 0.00053154794736825269

For value 29
    Mean = 0.00036309716767064711
    Median = 0.00039545638909498733
    Min-max = 4.8149381198334533e-17 -> 0.00058288969582975347
    STDev = 0.0001375783984390178

For value 30
    Mean = 1.3664253583286537e-16
    Median = 1.3358423733329976e-16
    Min-max = 2.4487386746718611e-17 -> 2.8409448630481556e-16
    STDev = 3.4214161814734739e-17

For value 31
    Mean = 4.2612646598963488e-17
    Median = 4.0657870707918938e-17
    Min-max = 1.5205146559164339e-17 -> 1.0903095576280832e-16
    STDev = 1.3208133489702573e-17

For value 32
    Mean = 2.8130143329836485e-17
    Median = 2.7518960020829026e-17
    Min-max = 1.0557067053255137e-17 -> 6.877181615477962e-17
    STDev = 7.6343445363873295e-18

For value 33
    Mean = 1.8127503004686307e-17
    Median = 1.7490088741912747e-17
    Min-max = 8.4012968216384677e-18 -> 4.1239759869357349e-17
    STDev = 4.3523053634325033e-18

For value 34
    Mean = 1.3144100586382645e-17
    Median = 1.2702130436700249e-17
    Min-max = 6.9683246359718494e-18 -> 2.5297592561296361e-17
    STDev = 2.787556439464932e-18

For value 35
    Mean = 1.0003868960102062e-17
    Median = 9.7436914119030913e-18
    Min-max = 4.0929211175385806e-18 -> 1.7011412566697964e-17
    STDev = 1.9855808266913183e-18

For value 36
    Mean = 7.6049769153897588e-18
    Median = 7.5035607110571428e-18
    Min-max = 3.0896987595962098e-18 -> 1.2793185717779359e-17
    STDev = 1.5239263459232138e-18

For value 37
    Mean = 5.7379448637811695e-18
    Median = 5.5919064317425261e-18
    Min-max = 2.6844522841676755e-18 -> 1.124005674178801e-17
    STDev = 1.275349794777733e-18

For value 38
    Mean = 4.0353906596342558e-18
    Median = 3.9734395782505097e-18
    Min-max = 1.2245339887500977e-18 -> 7.9821269598925174e-18
    STDev = 9.7223115733124959e-19

For value 39
    Mean = 2.2836879203106308e-18
    Median = 2.2089151967003307e-18
    Min-max = 8.1000917899647172e-19 -> 5.1489462515410627e-18
    STDev = 5.8939714280852499e-19

For value 40
    Mean = 1.4009873295744631e-18
    Median = 1.3695617252781244e-18
    Min-max = 3.0684187994291485e-19 -> 3.2315423857820969e-18
    STDev = 3.9837444090191089e-19

For value 41
    Mean = 3.0828432999896725e-19
    Median = 2.782497820263726e-19
    Min-max = 3.7093730662573598e-32 -> 1.385507345993872e-18
    STDev = 1.5872609048755142e-19

For value 42
    Mean = 3.4524026672240743e-33
    Median = 2.9470665306963163e-33
    Min-max = 6.7488809338566503e-34 -> 1.7497544168071313e-32
    STDev = 1.9411852217164264e-33

For value 43
    Mean = 1.2526187802255035e-33
    Median = 1.1921621254594822e-33
    Min-max = 4.750223169657511e-34 -> 3.2912714308374351e-33
    STDev = 4.0052440681192104e-34

For value 44
    Mean = 7.5823033444170323e-34
    Median = 7.2594316476491674e-34
    Min-max = 2.6225282717921874e-34 -> 1.6063012927783061e-33
    STDev = 2.344699639646847e-34

For value 45
    Mean = 4.1364583677428581e-34
    Median = 3.9008730862837701e-34
    Min-max = 6.4953473894847579e-35 -> 1.1793382646290707e-33
    STDev = 1.6018099080991193e-34

For value 46
    Mean = 5.681687304296379e-50
    Median = 5.1484346928436187e-50
    Min-max = 8.0596151758580248e-51 -> 2.6499176637143311e-49
    STDev = 2.9975864021096756e-50

For value 47
    Mean = 1.9925184830428672e-50
    Median = 1.712308728552147e-50
    Min-max = 0.0 -> 8.7995944681388356e-50
    STDev = 1.3039198396871536e-50

For value 48
    Mean = 1.9746497251013632e-66
    Median = 1.4443324857240725e-66
    Min-max = 0.0 -> 1.7360428405824349e-65
    STDev = 1.8362105010942413e-66

For value 49
    Mean = 0.0
    Median = 0.0
    Min-max = 0.0 -> 0.0
    STDev = 0.0

